PhiStart	PhiStop	PsiStart	PsiStop	Observations	PhiAvg	PhiDev	PsiAvg	PsiDev	L1Avg	L1Dev	L2Avg	L2Dev	L3Avg	L3Dev	L4Avg	L4Dev	L5Avg	L5Dev	a1Avg	a1Dev	a2Avg	a2Dev	a3Avg	a3Dev	a4Avg	a4Dev	a5Avg	a5Dev	a6Avg	a6Dev	a7Avg	a7Dev	OmeAvg	OmeDev	Color	X	Y	XLen	YLen	XBin	YBin	
-70	-60	-20	-10	21	-65.9	2.566	-15.9	2.301	1.333	0.01	1.453	0.014	0	0	1.515	0.017	1.236	0.007	121.167	2.151	0	0	114.376	1.054	0	0	119.019	1.023	117.038	1.407	121.881	1.252	177	3.08	4	-70	-20	10	10	-7	-2	
-70	-60	-50	-40	56	-63.8	2.425	-42.8	2.219	1.334	0.011	1.455	0.013	0	0	1.516	0.01	1.234	0.014	119.927	1.087	0	0	112.38	1.089	0	0	121.029	1.036	117.334	1.109	121.941	0.755	178.6	2.365	2	-70	-50	10	10	-7	-5	
-70	-60	-40	-30	56	-64	2.283	-36	2.833	1.334	0.014	1.453	0.012	0	0	1.518	0.012	1.234	0.011	120.089	1.269	0	0	112.855	1.352	0	0	120.491	0.968	117.187	1.297	121.955	1.123	177	2.662	3	-70	-40	10	10	-7	-4	
-70	-60	-30	-20	15	-65.4	2.644	-25.7	2.738	1.336	0.011	1.449	0.013	0	0	1.511	0.015	1.237	0.019	120.967	1.147	0	0	114.067	1.362	0	0	119.667	1.616	117.127	1.799	122.127	1.185	176.4	2.994	4	-70	-30	10	10	-7	-3	
-70	-60	140	150	8	-66.7	1.425	144.2	1.701	1.325	0.008	1.449	0.011	0	0	1.519	0.01	1.23	0.006	120.938	2.173	0	0	111.675	1.288	0	0	121.25	0.818	116.925	2.735	122.225	1.749	181	5.305	2	-70	140	10	10	-7	14	
-70	-60	-10	0	2	-65.5	3.861	-6.1	3.84	1.338	0.025	1.466	0.007	0	0	1.529	0	1.244	0.008	121	1.838	0	0	113.8	1.131	0	0	118.65	2.899	116.3	0.849	124.25	0.212	171	4.483	4	-70	-10	10	10	-7	-1	
-70	-60	170	180	3	-64.3	0.724	175.1	4.168	1.33	0.009	1.454	0.016	0	0	1.517	0.026	1.227	0.005	121.967	1.124	0	0	111.633	1.914	0	0	122.967	1.069	115.5	1.735	123	0.964	187.1	4.556	2	-70	170	10	10	-7	17	
-70	-60	130	140	3	-63.6	1.761	133.1	1.752	1.333	0.01	1.453	0.012	0	0	1.515	0.007	1.232	0.014	119.333	0.681	0	0	110.533	0.802	0	0	121.567	1.531	117.467	2.013	121.533	2.122	183.2	0.63	1	-70	130	10	10	-7	13	
-70	-60	160	170	8	-66.5	2.332	163.7	2.524	1.328	0.015	1.442	0.012	0	0	1.524	0.01	1.228	0.012	120.1	1.021	0	0	112.625	0.982	0	0	122.725	1.209	116.375	2.324	122.475	1.815	181.7	6.052	3	-70	160	10	10	-7	16	
-70	-60	120	130	2	-66.8	1.874	122.1	2.291	1.335	0.013	1.456	0.004	0	0	1.53	0.013	1.239	0.003	122	0.141	0	0	110.1	0.99	0	0	120.3	0.141	115.9	0.849	121.7	0	197.4	5.961	0	-70	120	10	10	-7	12	
-70	-60	110	120	1	-70	0	118.1	0	1.321	0	1.426	0	0	0	1.513	0	1.247	0	120.3	0	0	0	113.2	0	0	0	120.4	0	118.4	0	122.6	0	183.2	0	3	-70	110	10	10	-7	11	
-70	-60	-70	-60	1	-69.6	0	-60.4	0	1.342	0	1.467	0	0	0	1.539	0	1.245	0	118.8	0	0	0	112.3	0	0	0	120.6	0	116	0	122.2	0	181	0	2	-70	-70	10	10	-7	-7	
-70	-60	-60	-50	2	-63.4	3.825	-50.6	0.014	1.338	0.019	1.445	0.009	0	0	1.511	0	1.246	0.001	118.8	0.707	0	0	112.7	0.141	0	0	122.4	2.263	117.7	0.424	122.35	0.071	178.9	7.036	3	-70	-60	10	10	-7	-6	
-70	-60	150	160	4	-64.5	2.324	156.4	3.263	1.341	0.013	1.451	0.01	0	0	1.514	0.009	1.242	0.023	119.575	1.153	0	0	112.2	0.783	0	0	121.075	2.198	115.45	2.509	122.775	0.907	179.8	2.358	2	-70	150	10	10	-7	15	
-80	-70	-180	-170	9	-75	3.361	-177.3	2.064	1.33	0.007	1.44	0.014	0	0	1.524	0.017	1.23	0.01	121.8	0.775	0	0	112.278	1.706	0	0	122.378	1.318	116.567	1.308	122.5	1.22	184.6	8.634	2	-80	-180	10	10	-8	-18	
-80	-70	170	180	9	-75	3.045	173.7	2.469	1.329	0.018	1.439	0.018	0	0	1.515	0.016	1.237	0.013	121.744	2.103	0	0	111.856	2.021	0	0	122.378	1.57	116.911	1.27	121.733	1.584	180.7	8.041	2	-80	170	10	10	-8	17	
-80	-70	140	150	9	-73.9	1.86	145.9	2.567	1.329	0.014	1.445	0.01	0	0	1.517	0.014	1.229	0.008	120.944	1.838	0	0	112.356	1.702	0	0	121.689	0.927	116.722	1.429	122.044	0.78	178	4.312	2	-80	140	10	10	-8	14	
-80	-70	-20	-10	10	-74.3	3.56	-15	2.92	1.334	0.016	1.449	0.023	0	0	1.515	0.009	1.237	0.013	121.4	2.439	0	0	114.84	0.994	0	0	118.83	1.231	117.11	1.837	121.77	1.517	179.5	4.509	5	-80	-20	10	10	-8	-2	
-80	-70	120	130	1	-77.7	0	122.3	0	1.337	0	1.465	0	0	0	1.481	0	1.26	0	120.9	0	0	0	109.7	0	0	0	118.6	0	116.3	0	122.2	0	184.4	0	-0	-80	120	10	10	-8	12	
-80	-70	-170	-160	2	-76.6	3.903	-167.1	2.744	1.318	0.008	1.452	0.033	0	0	1.522	0.004	1.225	0.008	119.9	5.091	0	0	110.75	0.071	0	0	123.85	1.626	117.5	0	121.35	4.879	175.2	12.007	1	-80	-170	10	10	-8	-17	
-80	-70	40	50	1	-78	0	44.8	0	1.344	0	1.463	0	0	0	1.496	0	1.217	0	123.1	0	0	0	114.5	0	0	0	120.9	0	113.6	0	122.9	0	188.3	0	5	-80	40	10	10	-8	4	
-80	-70	160	170	10	-75.2	2.661	163.4	3.165	1.335	0.017	1.443	0.01	0	0	1.512	0.009	1.237	0.017	120.65	1.159	0	0	113.42	1.415	0	0	122.86	1.313	115.85	1.294	123.17	1.45	180	5.587	3	-80	160	10	10	-8	16	
-80	-70	-30	-20	8	-73.7	3.102	-25.9	3.434	1.335	0.013	1.453	0.015	0	0	1.509	0.012	1.232	0.011	120.038	0.875	0	0	114.888	1.363	0	0	120.075	1.096	117.063	1.014	122.3	0.868	181.2	5.661	5	-80	-30	10	10	-8	-3	
-80	-70	-50	-40	7	-72	2.632	-42.8	0.977	1.336	0.008	1.457	0.009	0	0	1.518	0.007	1.24	0.012	120.129	0.489	0	0	112.229	1.961	0	0	120.2	1.412	116.8	0.883	122.086	0.674	180.3	3.728	2	-80	-50	10	10	-8	-5	
-80	-70	150	160	13	-73.3	2.775	155.5	2.783	1.33	0.013	1.447	0.015	0	0	1.516	0.008	1.228	0.013	120.631	0.769	0	0	112.185	1.478	0	0	122.2	0.708	116.123	1.487	122.638	1.017	177.3	8.809	2	-80	150	10	10	-8	15	
-80	-70	-40	-30	4	-71.3	1.097	-34.5	2.943	1.333	0.016	1.451	0.008	0	0	1.512	0.026	1.232	0.017	119.975	1.362	0	0	114.8	2.162	0	0	119.9	1.16	116.35	1.287	121.7	0.983	180	5.935	5	-80	-40	10	10	-8	-4	
-80	-70	-10	0	4	-75.2	3.758	-3.6	3.426	1.32	0.029	1.451	0.017	0	0	1.507	0.022	1.231	0.012	121.225	3.116	0	0	116.25	0.733	0	0	118.55	0.866	117.55	0.705	122.95	1.678	176.2	4.58	6	-80	-10	10	10	-8	-1	
-80	-70	0	10	2	-77.8	2.065	3.7	3.557	1.353	0.018	1.432	0.02	0	0	1.51	0.001	1.225	0.001	122.55	3.748	0	0	115.65	1.061	0	0	120.2	1.414	119	0.566	120.4	1.131	178.5	1.648	6	-80	0	10	10	-8	0	
-80	-70	130	140	3	-76.1	2.769	136.6	3.479	1.336	0.013	1.455	0.012	0	0	1.524	0.028	1.24	0.009	120.3	2.252	0	0	111	2.066	0	0	121.133	1.29	116	1.015	122.367	1.286	181.2	2.927	1	-80	130	10	10	-8	13	
-80	-70	-160	-150	2	-78.3	0.658	-156.5	2.164	1.326	0.006	1.449	0.011	0	0	1.514	0.008	1.24	0.011	121.25	1.061	0	0	110.25	0.919	0	0	121.55	0.919	114.9	0.424	123.85	0.071	184.2	1.181	0	-80	-160	10	10	-8	-16	
-80	-70	90	100	1	-77.9	0	95.7	0	1.324	0	1.459	0	0	0	1.489	0	1.267	0	121.6	0	0	0	110.7	0	0	0	122.1	0	116.6	0	121.9	0	180	0	1	-80	90	10	10	-8	9	
-60	-50	-40	-30	15	-57	2.23	-35.6	3.002	1.331	0.022	1.449	0.018	0	0	1.513	0.013	1.233	0.01	119.947	1.157	0	0	113.147	1.134	0	0	120.513	0.796	117.12	1.494	122.047	0.976	179.1	3.035	3	-60	-40	10	10	-6	-4	
-60	-50	-60	-50	5	-54.5	3.997	-52	1.822	1.328	0.011	1.455	0.01	0	0	1.509	0.016	1.237	0.007	120.98	1.438	0	0	114	1.102	0	0	121.48	1.744	118.96	1.514	121.58	0.432	179.5	1.519	4	-60	-60	10	10	-6	-6	
-60	-50	-50	-40	24	-57	2.183	-43.5	2.155	1.335	0.011	1.452	0.014	0	0	1.513	0.01	1.233	0.011	120.333	1.215	0	0	113.029	1.579	0	0	120.954	0.981	117.229	1.195	121.983	0.755	179.3	3.72	3	-60	-50	10	10	-6	-5	
-60	-50	140	150	1	-59.7	0	145.3	0	1.321	0	1.449	0	0	0	1.508	0	1.237	0	118.9	0	0	0	110.7	0	0	0	120	0	116.3	0	121.9	0	174.4	0	1	-60	140	10	10	-6	14	
-60	-50	-30	-20	2	-55.8	3.578	-26	1.365	1.339	0.011	1.445	0.011	0	0	1.509	0.001	1.252	0.043	120.9	3.394	0	0	114.15	1.061	0	0	119.55	0.495	119.35	2.333	121.8	0.849	180.4	2.234	4	-60	-30	10	10	-6	-3	
-60	-50	130	140	2	-56.2	1.393	137.9	0.735	1.335	0.007	1.454	0.006	0	0	1.527	0.001	1.235	0.011	118.8	0.99	0	0	111.1	1.414	0	0	121.3	0.283	116.35	0.495	123	0.424	181.6	8.867	1	-60	130	10	10	-6	13	
90	100	-30	-20	4	95.3	0.887	-22.5	1.448	1.338	0.006	1.436	0.039	0	0	1.512	0.007	1.238	0.021	122.425	2.445	0	0	114.35	0.988	0	0	119.55	1.756	115.9	2.841	123.1	0.163	180.7	2.128	4	90	-30	10	10	9	-3	
90	100	150	160	4	92	1.317	155.8	4.246	1.329	0.013	1.458	0.006	0	0	1.518	0.013	1.225	0.014	122.175	1.193	0	0	111.375	0.881	0	0	121.875	0.759	117.725	0.922	122.35	1.923	183.4	5.569	1	90	150	10	10	9	15	
90	100	170	180	4	95.3	2.748	174.2	3.523	1.333	0.008	1.448	0.01	0	0	1.527	0.014	1.235	0.009	121.375	1.884	0	0	111.125	0.695	0	0	122.85	1.848	115.95	4.903	123.4	2.725	180.9	8.232	1	90	170	10	10	9	17	
90	100	-170	-160	5	94.6	3.399	-166.5	3.05	1.328	0.012	1.455	0.015	0	0	1.511	0.016	1.231	0.004	121.26	1.214	0	0	113.02	0.944	0	0	123.68	2.192	117.08	1.929	122.86	1.828	181.7	5.574	3	90	-170	10	10	9	-17	
90	100	0	10	22	93.8	2.665	5.2	2.912	1.329	0.016	1.441	0.014	0	0	1.504	0.015	1.236	0.015	122.032	1.354	0	0	116.041	1.416	0	0	119.223	0.889	117.355	1.411	122.573	1.308	179.3	4.305	6	90	0	10	10	9	0	
90	100	-10	0	36	94	2.774	-5.3	2.836	1.333	0.016	1.446	0.012	0	0	1.515	0.013	1.237	0.011	122.397	1.575	0	0	115.05	1.345	0	0	118.781	1.613	116.817	1.997	122.736	1.501	178.8	4.156	5	90	-10	10	10	9	-1	
90	100	10	20	14	93.7	2.904	13.1	2.666	1.325	0.01	1.45	0.018	0	0	1.517	0.017	1.234	0.017	121.929	2.101	0	0	115.814	1.475	0	0	118.507	1.213	118.35	1.274	122.279	1.083	177.7	5.638	6	90	10	10	10	9	1	
90	100	-20	-10	19	94.8	2.351	-14.4	3.127	1.328	0.024	1.441	0.012	0	0	1.514	0.015	1.235	0.015	122.979	1.668	0	0	114.953	1.181	0	0	119.326	0.804	115.584	1.484	122.589	1.434	179.5	4.469	5	90	-20	10	10	9	-2	
90	100	-160	-150	2	94.1	0.46	-157.9	1.344	1.33	0.003	1.454	0.021	0	0	1.525	0.001	1.235	0.001	121.75	0.212	0	0	111.5	1.556	0	0	121.3	0.707	117.65	1.061	122.8	0.283	183.8	2.715	2	90	-160	10	10	9	-16	
90	100	-130	-120	2	96	2.242	-126.2	3.246	1.325	0.005	1.454	0.009	0	0	1.531	0.006	1.232	0.014	121.85	0.071	0	0	110.65	0.778	0	0	120.55	0.354	115.5	0.849	123.35	0.071	184.1	0.057	1	90	-130	10	10	9	-13	
90	100	-180	-170	3	94.4	2.79	-173.1	2.446	1.313	0.014	1.454	0.013	0	0	1.514	0.009	1.239	0.013	121	2.666	0	0	112.367	1.68	0	0	123.3	0.964	115.433	1.242	122.967	0.611	186	3.978	2	90	-180	10	10	9	-18	
90	100	-40	-30	1	93.8	0	-33.3	0	1.325	0	1.44	0	0	0	1.53	0	1.244	0	126.1	0	0	0	111.7	0	0	0	118.4	0	119.6	0	120.8	0	179.1	0	2	90	-40	10	10	9	-4	
90	100	160	170	7	92.7	2.3	165.2	3.608	1.33	0.014	1.44	0.012	0	0	1.523	0.011	1.226	0.012	121.971	2.35	0	0	113.371	1.567	0	0	122.757	0.702	116.186	1.326	122.943	2.298	181.7	8.33	3	90	160	10	10	9	16	
90	100	-150	-140	1	94.8	0	-144.6	0	1.341	0	1.429	0	0	0	1.525	0	1.234	0	121.9	0	0	0	113.7	0	0	0	120	0	114.8	0	121.8	0	193	0	4	90	-150	10	10	9	-15	
90	100	30	40	2	93.4	3.005	33.7	2.298	1.325	0.017	1.432	0.009	0	0	1.509	0.015	1.241	0.004	123	2.121	0	0	116.15	2.475	0	0	119.8	0.707	117.55	1.909	121.65	0.212	174.4	3.847	6	90	30	10	10	9	3	
90	100	-120	-110	2	93.3	0.813	-115.9	2.164	1.31	0.037	1.474	0.013	0	0	1.531	0.013	1.217	0.048	123.4	1.556	0	0	111.25	1.202	0	0	119.35	2.475	117.05	0.354	122.5	0.566	175.7	3.281	1	90	-120	10	10	9	-12	
90	100	-140	-130	1	97.1	0	-134.8	0	1.327	0	1.447	0	0	0	1.516	0	1.232	0	122.1	0	0	0	112.9	0	0	0	121.5	0	115.6	0	123.2	0	189.4	0	3	90	-140	10	10	9	-14	
-130	-120	-30	-20	1	-125.8	0	-27.4	0	1.346	0	1.451	0	0	0	1.525	0	1.25	0	123.3	0	0	0	112	0	0	0	118.4	0	113.6	0	124.7	0	185	0	2	-130	-30	10	10	-13	-3	
-130	-120	-180	-170	2	-122.9	0.856	-175.5	0.608	1.329	0.002	1.455	0.014	0	0	1.511	0.011	1.232	0.011	123	1.697	0	0	110.45	1.344	0	0	121.45	0.071	116.3	1.414	121.5	0.141	181.9	0.856	0	-130	-180	10	10	-13	-18	
-130	-120	-90	-80	1	-128.4	0	-84.6	0	1.334	0	1.443	0	0	0	1.52	0	1.23	0	122.7	0	0	0	114	0	0	0	120.7	0	119	0	121.6	0	190	0	4	-130	-90	10	10	-13	-9	
-130	-120	130	140	2	-125.5	2.114	138.4	0.346	1.312	0.023	1.462	0.015	0	0	1.508	0.011	1.22	0.004	122.05	0.071	0	0	111.9	0	0	0	119.9	0.707	116.8	0.424	123.6	0.283	178	0.276	2	-130	130	10	10	-13	13	
-130	-120	140	150	1	-129.8	0	141.6	0	1.34	0	1.449	0	0	0	1.519	0	1.249	0	120.9	0	0	0	115	0	0	0	121.3	0	113.9	0	123.9	0	178.8	0	5	-130	140	10	10	-13	14	
-130	-120	-160	-150	1	-127.5	0	-152	0	1.327	0	1.439	0	0	0	1.536	0	1.205	0	123.3	0	0	0	112.5	0	0	0	123	0	116.6	0	121.4	0	184.4	0	3	-130	-160	10	10	-13	-16	
-130	-120	-150	-140	2	-127.3	0.318	-145.7	2.765	1.332	0.033	1.443	0.004	0	0	1.506	0.009	1.245	0.011	123.85	4.172	0	0	111	1.838	0	0	121.65	1.202	116.5	1.131	122.5	1.131	185	0.955	1	-130	-150	10	10	-13	-15	
-130	-120	-170	-160	1	-121	0	-160.2	0	1.334	0	1.431	0	0	0	1.523	0	1.244	0	123.1	0	0	0	113.9	0	0	0	121.7	0	115.9	0	122.1	0	189.4	0	4	-130	-170	10	10	-13	-17	
-130	-120	0	10	1	-121.5	0	6.1	0	1.341	0	1.441	0	0	0	1.528	0	1.24	0	121.2	0	0	0	114	0	0	0	118.6	0	116.5	0	122.8	0	188.7	0	4	-130	0	10	10	-13	0	
-130	-120	170	180	2	-127.1	3.408	173.8	4.822	1.335	0.009	1.44	0.022	0	0	1.524	0.013	1.247	0.02	122.4	0	0	0	110.45	0.071	0	0	120.85	1.344	114.65	0.071	124.65	0.212	180.7	0.354	0	-130	170	10	10	-13	17	
-130	-120	150	160	2	-126.2	3.924	155.2	3.557	1.333	0.001	1.434	0.006	0	0	1.512	0.007	1.225	0.005	121.7	0.566	0	0	113.3	1.131	0	0	121.7	0.141	115.55	0.919	123.45	0.071	178.2	7.121	3	-130	150	10	10	-13	15	
-130	-120	120	130	1	-130	0	129.5	0	1.322	0	1.456	0	0	0	1.513	0	1.238	0	121.8	0	0	0	109.1	0	0	0	120.2	0	115	0	124.9	0	181.5	0	-1	-130	120	10	10	-13	12	
150	160	-180	-170	6	156.5	3.301	-174.9	2.527	1.326	0.007	1.448	0.006	0	0	1.522	0.009	1.226	0.013	121.75	1.361	0	0	109.983	2.271	0	0	121.767	0.967	116.733	1.708	122.7	0.853	181.2	4.232	-0	150	-180	10	10	15	-18	
150	160	170	180	6	154.6	2.98	173.4	2.43	1.321	0.012	1.45	0.011	0	0	1.509	0.009	1.233	0.009	121.717	1.254	0	0	110.933	1.308	0	0	121.8	1.27	116.6	1.524	122.833	1.331	174.9	7.791	1	150	170	10	10	15	17	
150	160	-150	-140	2	152.7	0.071	-144.3	3.705	1.327	0.016	1.447	0.033	0	0	1.514	0.005	1.232	0	121.2	1.273	0	0	109.8	2.404	0	0	120.55	0.495	116.45	2.333	122.8	1.838	184.5	8.584	-0	150	-150	10	10	15	-15	
150	160	160	170	2	153.8	5.31	164.5	2.553	1.336	0.005	1.45	0.004	0	0	1.517	0.013	1.241	0.005	120.7	0.849	0	0	112.05	0.919	0	0	122.2	0.707	117.25	1.061	122.2	0.424	173.2	8.174	2	150	160	10	10	15	16	
150	160	-170	-160	3	152.6	3.876	-164.6	1.616	1.33	0.013	1.438	0.019	0	0	1.518	0.01	1.231	0.019	121.133	0.153	0	0	110.667	1.79	0	0	120.467	0.153	117.767	1.419	122.167	1.115	182.4	4.216	1	150	-170	10	10	15	-17	
150	160	150	160	2	157	1.541	154.1	4.016	1.32	0.006	1.44	0.017	0	0	1.508	0.03	1.236	0.004	122.05	2.899	0	0	112.45	1.485	0	0	122.1	0.99	117.15	0.212	121.9	0.141	180.9	0.375	2	150	150	10	10	15	15	
150	160	-140	-130	1	150.5	0	-139.7	0	1.308	0	1.425	0	0	0	1.54	0	1.235	0	122.6	0	0	0	110.4	0	0	0	120.9	0	119.1	0	121.4	0	188.6	0	0	150	-140	10	10	15	-14	
150	160	-160	-150	1	154.1	0	-150.2	0	1.29	0	1.474	0	0	0	1.533	0	1.227	0	127.4	0	0	0	108.6	0	0	0	120.6	0	120.7	0	121.6	0	180.4	0	-1	150	-160	10	10	15	-16	
150	160	-130	-120	1	156.5	0	-122.4	0	1.345	0	1.458	0	0	0	1.515	0	1.254	0	119.3	0	0	0	110.4	0	0	0	118.7	0	115.8	0	123.6	0	190.6	0	0	150	-130	10	10	15	-13	
-180	-170	-180	-170	9	-174.5	3.534	-174.7	3.377	1.323	0.011	1.453	0.008	0	0	1.507	0.015	1.234	0.013	119.433	1.254	0	0	111.2	1.03	0	0	121.956	0.716	117.978	1.17	122.233	0.934	182.8	3.345	1	-180	-180	10	10	-18	-18	
-180	-170	160	170	2	-174.5	5.883	167	0.849	1.317	0.024	1.477	0.016	0	0	1.516	0.004	1.243	0.011	120.65	0.071	0	0	109.85	3.606	0	0	120.45	0.071	117.75	0.071	122.05	0.354	178.9	3.592	-0	-180	160	10	10	-18	16	
-180	-170	150	160	2	-178.2	0.778	154.6	5.742	1.331	0.018	1.455	0.008	0	0	1.513	0.008	1.237	0.016	120.15	1.768	0	0	110.3	1.697	0	0	121.15	0.071	116.75	0.636	122.4	1.273	179.2	10.656	0	-180	150	10	10	-18	15	
-180	-170	170	180	8	-173.3	3.041	174.4	3.497	1.325	0.011	1.454	0.009	0	0	1.515	0.014	1.23	0.01	121.35	1.648	0	0	110.05	1.917	0	0	121.363	0.752	117.425	2.195	122.563	0.909	182.5	7.718	0	-180	170	10	10	-18	17	
-180	-170	-120	-110	1	-170.3	0	-115.9	0	1.323	0	1.476	0	0	0	1.514	0	1.245	0	122.4	0	0	0	108	0	0	0	119.5	0	116.6	0	122.9	0	173.9	0	-2	-180	-120	10	10	-18	-12	
-180	-170	-150	-140	1	-171	0	-145.7	0	1.313	0	1.456	0	0	0	1.523	0	1.243	0	123	0	0	0	108.4	0	0	0	120	0	115.1	0	123.1	0	178.2	0	-2	-180	-150	10	10	-18	-15	
-180	-170	-170	-160	3	-175.2	4.144	-165.9	2.601	1.326	0.006	1.452	0.011	0	0	1.508	0.008	1.232	0.004	120.867	1.021	0	0	111.133	1.305	0	0	121.167	1.95	117	1.058	122.4	0.9	184.7	8.98	1	-180	-170	10	10	-18	-17	
-180	-170	-160	-150	2	-177.2	2.22	-154.5	4.794	1.32	0.002	1.438	0.02	0	0	1.504	0.007	1.241	0.002	119.5	1.556	0	0	111.55	2.192	0	0	120.9	0.141	117.8	1.98	122.25	0.636	178.8	0.792	2	-180	-160	10	10	-18	-16	
80	90	-170	-160	9	83.9	1.957	-166.2	1.487	1.325	0.023	1.443	0.018	0	0	1.514	0.009	1.239	0.016	121.889	2.035	0	0	112.378	2.215	0	0	122.356	1.295	117.011	2.058	123.122	1.215	186	6.908	2	80	-170	10	10	8	-17	
80	90	-10	0	55	85.1	2.545	-4.6	2.734	1.332	0.015	1.448	0.019	0	0	1.513	0.018	1.24	0.016	121.909	1.271	0	0	115.327	1.202	0	0	119.147	1.207	116.86	1.621	122.809	1.452	180.7	4.584	5	80	-10	10	10	8	-1	
80	90	-20	-10	20	86	1.718	-13.7	2.838	1.332	0.013	1.445	0.013	0	0	1.51	0.014	1.236	0.014	122.19	1.498	0	0	115.755	1.37	0	0	119.2	1.121	115.875	1.785	122.865	1.215	182.5	4.065	6	80	-20	10	10	8	-2	
80	90	10	20	36	83.9	2.86	15.2	3.2	1.333	0.012	1.45	0.014	0	0	1.508	0.014	1.239	0.011	121.192	1.656	0	0	115.014	1.259	0	0	119.181	1.146	117.986	1.663	121.944	1.285	179	5.367	5	80	10	10	10	8	1	
80	90	0	10	47	84.2	2.711	5.2	3.21	1.329	0.014	1.447	0.015	0	0	1.514	0.011	1.237	0.013	122.098	2.639	0	0	115.194	1.475	0	0	119.045	1.204	117.017	1.939	122.511	1.635	180.4	3.669	5	80	0	10	10	8	0	
80	90	80	90	1	89	0	89.2	0	1.316	0	1.454	0	0	0	1.517	0	1.254	0	123.6	0	0	0	108.2	0	0	0	117.6	0	115	0	121.9	0	189.6	0	-2	80	80	10	10	8	8	
80	90	160	170	5	85.8	2.699	165.6	3.36	1.326	0.013	1.439	0.013	0	0	1.522	0.003	1.234	0.01	122.28	0.884	0	0	112.58	0.705	0	0	121.32	1.335	117.5	1.619	122.58	1.314	178.6	7.835	3	80	160	10	10	8	16	
80	90	30	40	2	82.8	0.997	35.3	6.329	1.33	0.009	1.442	0.006	0	0	1.512	0.003	1.231	0.003	120.75	0.919	0	0	115.2	1.98	0	0	120.8	1.556	118	0.566	121.9	0.283	172	6.456	5	80	30	10	10	8	3	
80	90	20	30	11	82.5	1.992	22.7	2.558	1.332	0.019	1.449	0.014	0	0	1.505	0.014	1.234	0.011	121.018	1.597	0	0	114.382	2.285	0	0	119.555	0.923	117.109	1.739	122.273	1.159	179.7	2.772	4	80	20	10	10	8	2	
80	90	-140	-130	3	83.7	1.624	-132.3	2.484	1.345	0.02	1.454	0.015	0	0	1.504	0.026	1.225	0.023	120.433	0.551	0	0	110.133	1.96	0	0	120.5	0.755	110.967	7.529	123.733	0.85	182.2	6.659	0	80	-140	10	10	8	-14	
80	90	-30	-20	4	86	2.076	-23.3	1.871	1.333	0.015	1.445	0.014	0	0	1.507	0.004	1.238	0.016	122.35	1.611	0	0	115.15	0.545	0	0	119.8	0.294	114.85	1.115	123.675	1.147	184.7	4.683	5	80	-30	10	10	8	-3	
80	90	170	180	8	83.6	2.939	176.7	2.535	1.335	0.027	1.446	0.011	0	0	1.51	0.02	1.239	0.013	123.2	4.092	0	0	113.45	1.746	0	0	122.762	0.959	117.05	3.15	122.45	0.952	185.2	5.201	3	80	170	10	10	8	17	
80	90	-160	-150	2	85.6	0.707	-154.2	3.889	1.312	0.003	1.453	0.018	0	0	1.529	0.011	1.224	0.005	121.85	0.778	0	0	111.7	2.828	0	0	121.2	0.707	117.15	0.636	122.65	2.051	188.3	6.223	2	80	-160	10	10	8	-16	
80	90	150	160	2	87.3	0.445	156.6	2.079	1.329	0.033	1.439	0.016	0	0	1.514	0.009	1.235	0.005	123.35	0.071	0	0	113.55	0.071	0	0	122.15	0.354	115.35	3.182	123	0	177.4	14.722	4	80	150	10	10	8	15	
80	90	70	80	1	83.4	0	73.3	0	1.335	0	1.476	0	0	0	1.541	0	1.233	0	120	0	0	0	110	0	0	0	119.8	0	116.1	0	123.2	0	178.6	0	0	80	70	10	10	8	7	
80	90	-60	-50	3	85.8	3.794	-52.9	0.959	1.321	0.022	1.46	0.026	0	0	1.523	0.006	1.233	0.018	121.3	3.516	0	0	114.267	2.454	0	0	119.967	1.405	117.633	0.896	122.133	0.751	180.4	4.735	4	80	-60	10	10	8	-6	
80	90	-50	-40	2	84.1	1.711	-44	2.072	1.326	0.028	1.459	0.027	0	0	1.492	0.033	1.232	0.008	122.1	2.263	0	0	118.8	0.566	0	0	120.1	2.121	117.65	2.051	122.15	0.778	181.9	8.775	9	80	-50	10	10	8	-5	
80	90	130	140	1	82.6	0	135.7	0	1.335	0	1.455	0	0	0	1.485	0	1.25	0	122.7	0	0	0	113.1	0	0	0	121.2	0	112.8	0	122.7	0	176	0	3	80	130	10	10	8	13	
80	90	-180	-170	3	86.4	1.565	-174	3.378	1.335	0.017	1.445	0.027	0	0	1.518	0.002	1.222	0.009	120.133	1.447	0	0	114.9	0.755	0	0	122.9	2.066	113.467	1.258	123.633	1.002	182.4	8.184	5	80	-180	10	10	8	-18	
80	90	-70	-60	1	85.5	0	-67.7	0	1.346	0	1.463	0	0	0	1.53	0	1.238	0	121.7	0	0	0	109.8	0	0	0	122.4	0	117.2	0	122.1	0	163.4	0	-0	80	-70	10	10	8	-7	
80	90	40	50	1	88.8	0	42.8	0	1.349	0	1.469	0	0	0	1.497	0	1.227	0	121.8	0	0	0	111.1	0	0	0	119.1	0	115.9	0	120.9	0	194	0	1	80	40	10	10	8	4	
80	90	-40	-30	1	89.3	0	-38.4	0	1.325	0	1.474	0	0	0	1.536	0	1.222	0	122.7	0	0	0	111.6	0	0	0	122.4	0	118.1	0	121.7	0	176.1	0	2	80	-40	10	10	8	-4	
80	90	-120	-110	1	85.9	0	-111.2	0	1.345	0	1.462	0	0	0	1.536	0	1.224	0	119.4	0	0	0	112.6	0	0	0	122.3	0	116.6	0	121.5	0	189.1	0	3	80	-120	10	10	8	-12	
80	90	140	150	1	83.9	0	145.7	0	1.307	0	1.498	0	0	0	1.517	0	1.245	0	111.6	0	0	0	112.1	0	0	0	124.2	0	117.9	0	126.6	0	179.8	0	2	80	140	10	10	8	14	
80	90	-150	-140	2	81.5	1.803	-147.3	2.418	1.327	0.002	1.457	0.005	0	0	1.523	0.005	1.221	0	120.35	0.778	0	0	111.8	1.273	0	0	120.95	0.495	115.75	0.778	122.45	0.212	190.7	1.485	2	80	-150	10	10	8	-15	
80	90	-130	-120	1	86.6	0	-122.2	0	1.312	0	1.449	0	0	0	1.519	0	1.258	0	120.6	0	0	0	112.8	0	0	0	118.8	0	119.4	0	123	0	185.6	0	3	80	-130	10	10	8	-13	
110	120	130	140	2	114.7	1.358	135.3	0.728	1.338	0	1.449	0.006	0	0	1.516	0.007	1.238	0.014	123.1	0.849	0	0	110.3	4.243	0	0	121.45	1.061	115.75	1.626	122.45	0.495	178.8	3.698	0	110	130	10	10	11	13	
110	120	10	20	3	114.5	5.002	17.9	3.487	1.315	0.016	1.434	0.019	0	0	1.533	0.041	1.247	0.019	124.133	0.833	0	0	117.333	2.831	0	0	119.067	1.193	118.767	0.252	122.767	1.301	177.2	2.468	7	110	10	10	10	11	1	
110	120	-10	0	8	114	3.4	-5.3	3.175	1.326	0.006	1.454	0.016	0	0	1.508	0.01	1.235	0.008	122.437	1.94	0	0	115.075	1.05	0	0	119.113	0.98	117.725	1.808	122.825	0.982	179.2	3.891	5	110	-10	10	10	11	-1	
110	120	160	170	4	113.2	3.176	166.1	2.821	1.322	0.013	1.451	0.008	0	0	1.522	0.011	1.227	0.011	122.925	0.727	0	0	111.75	0.551	0	0	122.55	0.507	116.4	2.08	123.9	0.949	182.2	7.778	2	110	160	10	10	11	16	
110	120	-40	-30	2	116	0.976	-31.4	1.902	1.331	0.007	1.464	0.012	0	0	1.517	0.012	1.237	0.02	122.9	0.283	0	0	112.25	0.354	0	0	119.4	0.283	115.75	0.495	123.3	0.141	185.5	0.7	2	110	-40	10	10	11	-4	
110	120	170	180	4	117.4	3.139	174.3	3.105	1.314	0.008	1.444	0.01	0	0	1.518	0.007	1.227	0.012	122.3	1.304	0	0	112.25	1.303	0	0	122.025	0.854	117.475	1.276	123.35	1.136	185	3.678	2	110	170	10	10	11	17	
110	120	-160	-150	1	110	0	-153.4	0	1.321	0	1.456	0	0	0	1.508	0	1.246	0	121.6	0	0	0	113.7	0	0	0	122.2	0	115.7	0	124.3	0	187.8	0	4	110	-160	10	10	11	-16	
110	120	-20	-10	5	115.7	2.77	-13.5	3.255	1.333	0.01	1.453	0.019	0	0	1.505	0.011	1.254	0.011	122.92	0.661	0	0	115.16	1.662	0	0	119.9	1.093	116.8	1.834	122.86	0.862	182.2	5.226	5	110	-20	10	10	11	-2	
110	120	-180	-170	4	112.2	1.929	-174.2	2.458	1.316	0.026	1.451	0.011	0	0	1.524	0.011	1.231	0.01	123.075	2.131	0	0	110.55	1.76	0	0	121.35	1.201	118.25	3.168	122	2.478	178.8	3.207	1	110	-180	10	10	11	-18	
110	120	150	160	2	114.4	5.303	154.3	5.119	1.336	0.007	1.441	0.006	0	0	1.53	0.015	1.242	0.016	122.6	1.131	0	0	112.25	0.495	0	0	121.05	1.626	116.45	2.051	123.2	1.273	173.5	5.756	2	110	150	10	10	11	15	
110	120	-150	-140	1	117.3	0	-147.6	0	1.33	0	1.456	0	0	0	1.543	0	1.237	0	122.3	0	0	0	111	0	0	0	119.3	0	115.6	0	122.9	0	189.5	0	1	110	-150	10	10	11	-15	
110	120	30	40	1	110.5	0	31.5	0	1.342	0	1.451	0	0	0	1.496	0	1.248	0	125.4	0	0	0	116.8	0	0	0	119.2	0	117.1	0	121.3	0	176.1	0	7	110	30	10	10	11	3	
110	120	-170	-160	1	112.6	0	-168	0	1.325	0	1.437	0	0	0	1.512	0	1.252	0	122.7	0	0	0	111.9	0	0	0	123	0	114.8	0	125.3	0	178.3	0	2	110	-170	10	10	11	-17	
130	140	-170	-160	3	135.1	4.149	-165.8	2.382	1.325	0.029	1.433	0.006	0	0	1.503	0.028	1.246	0.008	125.367	3.818	0	0	109.7	2.1	0	0	121.733	0.208	116.667	0.961	121.733	3.449	185.1	2.377	-0	130	-170	10	10	13	-17	
130	140	170	180	2	132	1.061	176.7	1.428	1.333	0.004	1.433	0.006	0	0	1.508	0.007	1.21	0.013	122.75	2.758	0	0	112.55	2.899	0	0	122.1	2.121	116.4	0.849	123.4	0.424	178.5	11.462	3	130	170	10	10	13	17	
130	140	-40	-30	1	135.2	0	-32.7	0	1.341	0	1.452	0	0	0	1.503	0	1.235	0	123.3	0	0	0	113.8	0	0	0	120	0	113.7	0	123	0	179.5	0	4	130	-40	10	10	13	-4	
130	140	-150	-140	1	130.9	0	-146.2	0	1.356	0	1.447	0	0	0	1.531	0	1.231	0	119.9	0	0	0	111.6	0	0	0	119.3	0	116.9	0	122.9	0	198.3	0	2	130	-150	10	10	13	-15	
130	140	0	10	1	130.6	0	9.6	0	1.337	0	1.459	0	0	0	1.499	0	1.228	0	121.4	0	0	0	114.8	0	0	0	118.6	0	116.3	0	124.4	0	176.2	0	5	130	0	10	10	13	0	
130	140	150	160	2	135.5	2.213	152.6	2.39	1.332	0.021	1.453	0.011	0	0	1.51	0.028	1.234	0.009	122.6	0.424	0	0	111.45	1.909	0	0	121.55	0.212	113.6	2.263	124.6	0.141	173	10.451	1	130	150	10	10	13	15	
130	140	-160	-150	1	130	0	-159.4	0	1.362	0	1.437	0	0	0	1.526	0	1.229	0	120.5	0	0	0	109.3	0	0	0	120.3	0	115.4	0	122.8	0	200.4	0	-1	130	-160	10	10	13	-16	
130	140	140	150	2	137.8	2.652	146.2	1.061	1.325	0.023	1.453	0.013	0	0	1.518	0.005	1.237	0.006	121.8	0.99	0	0	112.25	7.425	0	0	121.45	0.636	116.9	2.121	122.7	0.424	178.9	12.891	2	130	140	10	10	13	14	
130	140	-110	-100	1	137	0	-105.6	0	1.342	0	1.456	0	0	0	1.522	0	1.236	0	124.2	0	0	0	109.2	0	0	0	120.2	0	113	0	123.3	0	183.5	0	-1	130	-110	10	10	13	-11	
-140	-130	-170	-160	1	-130.5	0	-165.9	0	1.331	0	1.449	0	0	0	1.503	0	1.229	0	123.7	0	0	0	111.1	0	0	0	121.4	0	114.2	0	125	0	182.9	0	1	-140	-170	10	10	-14	-17	
-140	-130	-30	-20	1	-132.4	0	-22.7	0	1.35	0	1.452	0	0	0	1.514	0	1.247	0	120.8	0	0	0	115.4	0	0	0	118.5	0	115.4	0	124.2	0	183.5	0	5	-140	-30	10	10	-14	-3	
-140	-130	140	150	3	-137.1	1.938	146.9	2.099	1.317	0.008	1.459	0.003	0	0	1.509	0.015	1.233	0.014	121.467	0.513	0	0	109.967	0.462	0	0	121.267	0.961	116.167	1.464	123.067	1.358	176.9	4.925	-0	-140	140	10	10	-14	14	
-140	-130	120	130	2	-133.3	1.669	125	5.827	1.335	0.008	1.443	0.003	0	0	1.518	0.004	1.223	0.023	122	2.546	0	0	108.8	1.838	0	0	120.75	1.344	115.6	1.98	123.95	0.919	183.1	0.856	-1	-140	120	10	10	-14	12	
-140	-130	-150	-140	2	-134.6	5.346	-142.1	0.078	1.316	0.005	1.459	0.007	0	0	1.522	0.014	1.223	0.03	122.45	0.636	0	0	110.3	2.546	0	0	122.15	0.919	113.9	0.849	124.25	0.071	188.6	7.029	0	-140	-150	10	10	-14	-15	
-140	-130	20	30	1	-139.7	0	26.1	0	1.351	0	1.469	0	0	0	1.518	0	1.24	0	119.7	0	0	0	114.7	0	0	0	116.7	0	113.1	0	124.1	0	187.4	0	5	-140	20	10	10	-14	2	
-140	-130	150	160	4	-135.2	3.41	155.5	1.434	1.326	0.016	1.451	0.015	0	0	1.513	0.004	1.231	0.012	121.575	1.245	0	0	111.725	0.435	0	0	121.425	1.841	116.425	1.997	123.25	1.297	174.3	8.543	2	-140	150	10	10	-14	15	
-140	-130	-180	-170	4	-132.6	1.915	-175	3.277	1.335	0.013	1.446	0.01	0	0	1.518	0.016	1.231	0.003	123.175	1.97	0	0	111.45	1.919	0	0	120.95	1.103	116.25	1.271	123.675	1.087	185	6.3	1	-140	-180	10	10	-14	-18	
-140	-130	160	170	6	-135.2	2.439	164.7	3.563	1.338	0.017	1.443	0.01	0	0	1.518	0.009	1.229	0.019	121.583	0.945	0	0	110	1.161	0	0	121.583	1.356	114.067	0.948	124.45	1.369	175.2	2.819	0	-140	160	10	10	-14	16	
-140	-130	-20	-10	1	-138.7	0	-11.4	0	1.328	0	1.462	0	0	0	1.51	0	1.234	0	119.6	0	0	0	116.8	0	0	0	118.3	0	115.9	0	123.8	0	178.1	0	7	-140	-20	10	10	-14	-2	
-140	-130	30	40	1	-135.2	0	38.9	0	1.333	0	1.459	0	0	0	1.513	0	1.237	0	123.9	0	0	0	110.3	0	0	0	120.8	0	115	0	123.7	0	181.7	0	0	-140	30	10	10	-14	3	
-140	-130	-130	-120	1	-134	0	-124.3	0	1.351	0	1.456	0	0	0	1.532	0	1.239	0	121.9	0	0	0	110.9	0	0	0	118.7	0	115.7	0	122	0	171	0	1	-140	-130	10	10	-14	-13	
-140	-130	170	180	2	-136.3	3.111	174.6	3.168	1.324	0.006	1.448	0.019	0	0	1.518	0.022	1.225	0.001	121.3	0.424	0	0	112.55	0.778	0	0	121.7	0.283	117.35	1.344	122.3	1.131	175	10.303	3	-140	170	10	10	-14	17	
-140	-130	-160	-150	1	-134	0	-153.1	0	1.346	0	1.442	0	0	0	1.514	0	1.251	0	121.4	0	0	0	111.4	0	0	0	120.7	0	117.9	0	123.9	0	185.1	0	1	-140	-160	10	10	-14	-16	
60	70	-120	-110	1	62.2	0	-119.8	0	1.305	0	1.445	0	0	0	1.51	0	1.266	0	120	0	0	0	113.2	0	0	0	122.1	0	116.9	0	123.4	0	180.1	0	3	60	-120	10	10	6	-12	
60	70	20	30	21	67.7	2.736	25.9	2.624	1.33	0.016	1.452	0.015	0	0	1.512	0.013	1.233	0.014	121.119	1.767	0	0	113.662	1.313	0	0	119.562	1.204	117.6	1.558	122.043	1.373	182.3	4.108	4	60	20	10	10	6	2	
60	70	30	40	11	65.8	2.251	34.7	3.055	1.328	0.011	1.455	0.016	0	0	1.516	0.009	1.236	0.01	121.091	2.496	0	0	114.091	2.442	0	0	119.9	1.261	117.764	2.125	121.482	1.243	183.6	4.041	4	60	30	10	10	6	3	
60	70	-140	-130	16	63.1	2.551	-132.7	2.043	1.333	0.015	1.454	0.017	0	0	1.517	0.014	1.238	0.009	119.756	1.471	0	0	110.706	2.057	0	0	121.594	1.538	116.994	2.111	122.006	0.826	181.4	4.518	1	60	-140	10	10	6	-14	
60	70	-150	-140	4	65.1	3.163	-147.7	1.372	1.332	0.015	1.448	0.014	0	0	1.513	0.006	1.241	0.007	120.95	0.569	0	0	111.675	2.142	0	0	122.85	1.977	115.875	1.758	122.4	1.294	182.5	10.088	2	60	-150	10	10	6	-15	
60	70	-160	-150	9	64	1.791	-155.7	3.626	1.33	0.014	1.436	0.021	0	0	1.53	0.02	1.237	0.012	118.778	4.667	0	0	111.667	2.832	0	0	121.944	0.846	117.411	3.714	122.333	1.852	185.6	6.46	2	60	-160	10	10	6	-16	
60	70	-170	-160	4	66.5	2.809	-164.3	2.92	1.324	0.028	1.458	0.034	0	0	1.519	0.018	1.226	0.017	120.275	3.605	0	0	112.2	3.9	0	0	122.95	1.377	115.9	1.334	123.325	3.295	186.5	3.975	2	60	-170	10	10	6	-17	
60	70	10	20	6	67.1	1.621	14.6	2.27	1.33	0.011	1.453	0.011	0	0	1.496	0.019	1.229	0.016	121.483	2.077	0	0	116.217	2.206	0	0	120.767	1.082	119.3	1.2	121.7	1.058	182	3.524	6	60	10	10	10	6	1	
60	70	-180	-170	4	68.3	1.344	-170.7	0.568	1.329	0.004	1.444	0.014	0	0	1.53	0.011	1.218	0.003	121.425	1.176	0	0	111.175	1.403	0	0	123.5	0.993	118.3	0.956	122.65	0.635	177.7	2.863	1	60	-180	10	10	6	-18	
60	70	40	50	2	65.6	2.227	42.7	3.755	1.341	0.012	1.464	0.001	0	0	1.523	0.005	1.244	0.008	118.65	1.485	0	0	113.2	0.283	0	0	119.6	0.141	117.5	0.141	122.4	1.414	176.7	9.574	3	60	40	10	10	6	4	
60	70	170	180	3	68.2	1.121	177.2	3.6	1.322	0.017	1.461	0.017	0	0	1.518	0.003	1.235	0.016	121.933	0.666	0	0	111.3	0.265	0	0	122.567	1.193	117	1.127	122.533	0.85	177.3	8.792	1	60	170	10	10	6	17	
60	70	-130	-120	3	61.9	1.629	-127.4	2.182	1.315	0.023	1.45	0.022	0	0	1.523	0.02	1.227	0.019	120.933	3.156	0	0	109.2	0.866	0	0	120.367	0.635	118.633	0.551	121.367	1.242	179.4	3.172	-1	60	-130	10	10	6	-13	
60	70	0	10	1	69.8	0	4.3	0	1.306	0	1.45	0	0	0	1.519	0	1.235	0	122.2	0	0	0	114.7	0	0	0	118.7	0	118.4	0	119.9	0	182	0	5	60	0	10	10	6	0	
-170	-160	170	180	9	-165.3	2.995	175.9	2.427	1.332	0.018	1.453	0.012	0	0	1.514	0.008	1.234	0.01	121.422	3.017	0	0	110.144	2.227	0	0	121.433	1.226	117.378	2.322	121.378	2.282	176.3	7.014	0	-170	170	10	10	-17	17	
-170	-160	160	170	7	-164.8	3.112	164	4.112	1.33	0.013	1.447	0.008	0	0	1.508	0.012	1.237	0.015	121.043	1.524	0	0	111.329	1.216	0	0	121.571	1.537	116.871	2.094	121.886	0.903	176.8	3.276	1	-170	160	10	10	-17	16	
-170	-160	150	160	4	-165.2	3.716	155.9	3.935	1.334	0.014	1.442	0.011	0	0	1.507	0.008	1.233	0.004	122	0.876	0	0	111	0.891	0	0	121.325	0.695	116.9	1.838	121.75	0.794	178.8	2.149	1	-170	150	10	10	-17	15	
-170	-160	120	130	1	-160.5	0	121.7	0	1.324	0	1.457	0	0	0	1.506	0	1.227	0	122.8	0	0	0	109.6	0	0	0	120.4	0	119.2	0	121.5	0	184.5	0	-0	-170	120	10	10	-17	12	
-170	-160	-160	-150	3	-163.8	5.329	-153.4	3.518	1.315	0.023	1.444	0.007	0	0	1.503	0.035	1.236	0.008	120.567	0.404	0	0	112.933	2.754	0	0	122.367	1.589	116.733	1.793	121.6	0.872	187	2.648	3	-170	-160	10	10	-17	-16	
-170	-160	-180	-170	2	-166.7	1.846	-174.7	3.932	1.329	0.014	1.444	0.005	0	0	1.517	0.008	1.238	0.002	120.6	0.566	0	0	110.15	0.919	0	0	121.3	0	115.2	0.141	123.2	0.707	181.4	0.955	0	-170	-180	10	10	-17	-18	
-170	-160	140	150	1	-162.5	0	145.1	0	1.337	0	1.446	0	0	0	1.509	0	1.225	0	120.1	0	0	0	111.7	0	0	0	120.4	0	118.7	0	121.3	0	176	0	2	-170	140	10	10	-17	14	
-170	-160	-150	-140	1	-165.1	0	-145.1	0	1.314	0	1.498	0	0	0	1.516	0	1.236	0	118	0	0	0	109.6	0	0	0	119.9	0	111.9	0	125	0	183	0	-0	-170	-150	10	10	-17	-15	
-170	-160	-170	-160	7	-166.5	2.915	-165.5	2.219	1.329	0.011	1.437	0.014	0	0	1.516	0.01	1.23	0.015	121.271	1.973	0	0	111.829	0.981	0	0	120.729	0.559	116	1.387	122.214	1.079	185.6	4.957	2	-170	-170	10	10	-17	-17	
-90	-80	0	10	12	-85.8	2.495	2.9	2.033	1.328	0.015	1.444	0.017	0	0	1.506	0.014	1.235	0.011	123.183	3.91	0	0	115.725	2.057	0	0	119.642	2.333	117.833	2.046	122.767	1.668	179.6	4.155	6	-90	0	10	10	-9	0	
-90	-80	-170	-160	9	-86	2.938	-164.7	2.261	1.335	0.012	1.448	0.01	0	0	1.518	0.011	1.231	0.01	121.744	1.886	0	0	112.489	1.637	0	0	122.344	0.816	116.378	1.378	122.611	1.756	186.9	8.27	2	-90	-170	10	10	-9	-17	
-90	-80	-160	-150	4	-85.2	1.392	-157.6	0.586	1.328	0.034	1.451	0.009	0	0	1.509	0.022	1.231	0.014	122.5	1.146	0	0	113.05	2.769	0	0	121.525	1.786	115.925	0.83	123.075	0.732	188.4	2.767	3	-90	-160	10	10	-9	-16	
-90	-80	-180	-170	6	-84.7	3.254	-172.3	2.019	1.333	0.013	1.444	0.006	0	0	1.516	0.015	1.24	0.004	121.7	1.133	0	0	112.717	1.261	0	0	122.633	1.021	116.867	1.464	122.65	1.768	183.6	5.281	3	-90	-180	10	10	-9	-18	
-90	-80	160	170	7	-83.1	1.554	165.6	4.011	1.34	0.048	1.448	0.01	0	0	1.528	0.034	1.227	0.02	120.357	1.839	0	0	113.429	0.842	0	0	120.786	3.361	114.271	3.51	123.329	1.833	174.1	5.405	3	-90	160	10	10	-9	16	
-90	-80	-10	0	11	-85	3.239	-4.4	2.851	1.335	0.015	1.453	0.012	0	0	1.51	0.023	1.234	0.017	121.064	1.591	0	0	116.155	1.404	0	0	120.145	2.095	116.255	1.359	122.973	1.236	180.1	4.451	6	-90	-10	10	10	-9	-1	
-90	-80	170	180	10	-84.1	3.21	175	2.998	1.335	0.018	1.454	0.013	0	0	1.503	0.013	1.231	0.018	121.31	1.515	0	0	112.82	1.548	0	0	123.01	1.163	115.31	1.814	123.13	0.96	183.6	5.316	3	-90	170	10	10	-9	17	
-90	-80	-150	-140	2	-81.3	1.174	-148.9	1.075	1.341	0.004	1.457	0.006	0	0	1.514	0.011	1.246	0.019	122.45	1.202	0	0	113.75	1.626	0	0	121.45	0.495	114.75	0.778	123.55	0.212	192	1.039	4	-90	-150	10	10	-9	-15	
-90	-80	20	30	1	-84.4	0	29.2	0	1.345	0	1.441	0	0	0	1.527	0	1.235	0	124.3	0	0	0	115.6	0	0	0	120.2	0	114.1	0	123.8	0	163.5	0	6	-90	20	10	10	-9	2	
-90	-80	-30	-20	1	-80.5	0	-22.1	0	1.329	0	1.455	0	0	0	1.503	0	1.239	0	122.3	0	0	0	114.9	0	0	0	119.7	0	116.9	0	122.9	0	191.6	0	5	-90	-30	10	10	-9	-3	
-90	-80	150	160	4	-83.8	3.301	155.1	3.135	1.332	0.015	1.446	0.032	0	0	1.512	0.012	1.238	0.017	120.6	1.534	0	0	112.75	0.686	0	0	121.375	0.802	114.75	1.063	123.45	1.529	179.1	3.745	3	-90	150	10	10	-9	15	
-90	-80	140	150	1	-80	0	142.3	0	1.323	0	1.505	0	0	0	1.532	0	1.225	0	120.9	0	0	0	109	0	0	0	123.5	0	114.1	0	123.6	0	178.2	0	-1	-90	140	10	10	-9	14	
-90	-80	-80	-70	2	-85	1.612	-74.4	5.904	1.338	0.002	1.448	0	0	0	1.543	0.014	1.229	0.006	121.05	2.051	0	0	111.2	0.141	0	0	121.4	0.707	116.6	1.273	122.65	1.909	176.2	5.381	1	-90	-80	10	10	-9	-8	
-90	-80	-20	-10	2	-85.1	5.593	-13.7	4.9	1.331	0.031	1.45	0.013	0	0	1.51	0.015	1.222	0.003	121.1	4.101	0	0	115.3	0.283	0	0	119.5	0.283	115.6	1.556	123.75	0.354	183.2	0.813	5	-90	-20	10	10	-9	-2	
-90	-80	60	70	1	-84.9	0	63	0	1.319	0	1.446	0	0	0	1.523	0	1.23	0	121	0	0	0	111.7	0	0	0	121.7	0	115.9	0	123.7	0	186	0	2	-90	60	10	10	-9	6	
-90	-80	100	110	1	-86.1	0	104.7	0	1.341	0	1.457	0	0	0	1.541	0	1.235	0	121.4	0	0	0	108.4	0	0	0	117.5	0	118.3	0	121.9	0	191.7	0	-2	-90	100	10	10	-9	10	
-90	-80	110	120	1	-86.6	0	112.6	0	1.329	0	1.444	0	0	0	1.513	0	1.223	0	121.7	0	0	0	111.7	0	0	0	121.6	0	119.6	0	121.9	0	182.2	0	2	-90	110	10	10	-9	11	
-90	-80	130	140	1	-86.3	0	131.9	0	1.327	0	1.449	0	0	0	1.518	0	1.228	0	121.9	0	0	0	110.2	0	0	0	120.4	0	115.8	0	123.4	0	184.1	0	0	-90	130	10	10	-9	13	
-90	-80	120	130	1	-88.9	0	127.6	0	1.337	0	1.437	0	0	0	1.498	0	1.234	0	122.3	0	0	0	113.8	0	0	0	120	0	115.4	0	120.9	0	182.1	0	4	-90	120	10	10	-9	12	
50	60	30	40	5	55.9	0.752	34.8	3.408	1.333	0.009	1.456	0.018	0	0	1.504	0.008	1.234	0.014	119.78	1.121	0	0	113.52	1.434	0	0	120.62	1.165	116.86	1.115	122.32	0.356	181.8	2.15	4	50	30	10	10	5	3	
50	60	-130	-120	6	55.8	2.918	-127.4	1.77	1.329	0.013	1.452	0.022	0	0	1.503	0.026	1.245	0.017	120.583	0.77	0	0	110.833	1.507	0	0	121.483	2.02	117.583	1.539	121.85	0.596	181.8	2.599	1	50	-130	10	10	5	-13	
50	60	40	50	3	56.1	2.673	45.5	4.983	1.317	0.008	1.461	0.017	0	0	1.516	0.008	1.246	0.015	119.733	1.387	0	0	113.5	1.652	0	0	121.067	1.922	119.133	1.617	121.267	1.234	183.9	8.09	4	50	40	10	10	5	4	
50	60	-150	-140	10	56.4	2.775	-143.9	3.355	1.331	0.009	1.452	0.021	0	0	1.51	0.007	1.236	0.02	120.02	1.28	0	0	112.05	1.122	0	0	121.57	1.1	117.67	1.479	121.98	0.947	182.8	3.885	2	50	-150	10	10	5	-15	
50	60	-140	-130	17	55.6	2.256	-134.8	2.881	1.329	0.013	1.452	0.01	0	0	1.512	0.018	1.235	0.015	119.824	1.524	0	0	111.953	1.792	0	0	121.3	1.112	117.671	1.507	122.229	1.141	180.7	3.394	2	50	-140	10	10	5	-14	
50	60	-160	-150	2	57	0.417	-152.2	1.739	1.314	0.018	1.429	0.043	0	0	1.51	0.004	1.229	0.004	126.75	7.849	0	0	110.6	1.98	0	0	125.2	2.121	115.3	0.849	121.65	2.192	180.3	2.758	1	50	-160	10	10	5	-16	
50	60	20	30	2	59	0.757	26.7	1.52	1.322	0.026	1.444	0.003	0	0	1.516	0.015	1.237	0	120.95	1.626	0	0	113.45	0.071	0	0	120.25	2.758	116.45	1.626	121.95	0.919	185.6	1.817	3	50	20	10	10	5	2	
50	60	50	60	1	59.7	0	53.2	0	1.329	0	1.457	0	0	0	1.519	0	1.227	0	121.2	0	0	0	109.3	0	0	0	122	0	117.8	0	121.7	0	190.3	0	-1	50	50	10	10	5	5	
140	150	-160	-150	4	144.9	1.445	-154.7	4.755	1.317	0.013	1.451	0.012	0	0	1.519	0.005	1.233	0.022	121.7	1.324	0	0	110.9	1.122	0	0	121.325	0.763	116.325	1.544	122.575	0.789	187.5	5.015	1	140	-160	10	10	14	-16	
140	150	110	120	2	148.1	0.863	117.5	0.99	1.322	0.004	1.467	0.011	0	0	1.509	0.007	1.229	0.004	121.2	0.566	0	0	108.3	2.97	0	0	120.25	4.313	115	3.253	121.25	1.061	182.7	4.9	-2	140	110	10	10	14	11	
140	150	-170	-160	4	144.1	2.357	-164	3.24	1.327	0.018	1.442	0.008	0	0	1.514	0.016	1.225	0.01	122.375	1.578	0	0	111.25	1.567	0	0	120.4	1.992	116.825	1.668	123.2	1.249	181.9	4.617	1	140	-170	10	10	14	-17	
140	150	170	180	4	146.4	3.572	177.1	2.325	1.325	0.012	1.46	0.011	0	0	1.528	0.015	1.215	0.013	120.675	2.301	0	0	110.175	0.727	0	0	121.775	0.866	116.525	1.638	123.025	0.9	180	4.485	0	140	170	10	10	14	17	
140	150	160	170	1	144.5	0	164.5	0	1.315	0	1.456	0	0	0	1.513	0	1.239	0	123.4	0	0	0	110.8	0	0	0	122.2	0	116.1	0	121.6	0	184.3	0	1	140	160	10	10	14	16	
140	150	-140	-130	1	144.2	0	-131.9	0	1.337	0	1.443	0	0	0	1.527	0	1.228	0	121.2	0	0	0	111.9	0	0	0	120.5	0	113.9	0	123.8	0	187.5	0	2	140	-140	10	10	14	-14	
140	150	-30	-20	1	142.7	0	-29.5	0	1.342	0	1.427	0	0	0	1.523	0	1.22	0	121.2	0	0	0	115.1	0	0	0	120.6	0	114.9	0	122.4	0	177.9	0	5	140	-30	10	10	14	-3	
140	150	-180	-170	2	145	3.026	-175.4	4.83	1.309	0.035	1.459	0.001	0	0	1.529	0.029	1.22	0.01	121.95	0.636	0	0	110.5	1.838	0	0	122.95	0.636	116.55	1.626	122.65	0.212	181.7	1.952	1	140	-180	10	10	14	-18	
140	150	-20	-10	1	147	0	-17.2	0	1.336	0	1.451	0	0	0	1.509	0	1.231	0	120.7	0	0	0	114.6	0	0	0	118.2	0	118.3	0	123.5	0	183.3	0	5	140	-20	10	10	14	-2	
140	150	150	160	3	146.1	4.551	153.9	1.861	1.316	0.02	1.451	0.016	0	0	1.519	0.019	1.218	0.023	123.667	2.06	0	0	109.6	1.217	0	0	123.2	2.425	118.3	3.439	121.567	3.443	177	1.503	-0	140	150	10	10	14	15	
-120	-110	140	150	3	-112.7	2.45	142.9	1.14	1.326	0.015	1.462	0.017	0	0	1.517	0.01	1.24	0.021	122.367	0.551	0	0	109.4	2.261	0	0	120.333	1.365	115.6	1.664	123.467	0.611	179	4.73	-1	-120	140	10	10	-12	14	
-120	-110	-140	-130	1	-111.1	0	-131	0	1.319	0	1.462	0	0	0	1.5	0	1.247	0	123.9	0	0	0	110.1	0	0	0	119.6	0	116.9	0	122.2	0	175.1	0	0	-120	-140	10	10	-12	-14	
-120	-110	150	160	1	-119.6	0	154.7	0	1.337	0	1.454	0	0	0	1.531	0	1.236	0	122.4	0	0	0	110	0	0	0	120.4	0	114.8	0	123.9	0	182.1	0	0	-120	150	10	10	-12	15	
-120	-110	-20	-10	1	-117.6	0	-10.4	0	1.302	0	1.452	0	0	0	1.502	0	1.237	0	122.2	0	0	0	117.5	0	0	0	119.9	0	117.8	0	122.9	0	195.1	0	8	-120	-20	10	10	-12	-2	
-120	-110	0	10	1	-110.1	0	2.5	0	1.35	0	1.478	0	0	0	1.513	0	1.234	0	118.2	0	0	0	112.4	0	0	0	120.8	0	112.3	0	125.7	0	188.1	0	2	-120	0	10	10	-12	0	
-120	-110	-170	-160	2	-116.6	0.7	-169.7	0.12	1.319	0.006	1.427	0.014	0	0	1.499	0.003	1.237	0.003	124.45	0.354	0	0	115.05	1.909	0	0	121.25	0.071	118.55	1.485	121.95	0.071	193.3	2.524	5	-120	-170	10	10	-12	-17	
-120	-110	170	180	6	-115.9	2.602	173.2	2.36	1.333	0.005	1.446	0.012	0	0	1.523	0.011	1.231	0.013	122.85	1.282	0	0	111.733	1.686	0	0	122.083	1.007	116.433	2.004	123.083	1.15	177.4	3.655	2	-120	170	10	10	-12	17	
-120	-110	130	140	1	-110.7	0	134.5	0	1.337	0	1.45	0	0	0	1.535	0	1.239	0	123.5	0	0	0	111.7	0	0	0	119.7	0	115	0	123.2	0	186.1	0	2	-120	130	10	10	-12	13	
-120	-110	160	170	1	-119	0	169.3	0	1.35	0	1.447	0	0	0	1.528	0	1.26	0	122.9	0	0	0	109.9	0	0	0	121	0	114.3	0	123.1	0	178.1	0	-0	-120	160	10	10	-12	16	
-120	-110	-40	-30	1	-115	0	-33.6	0	1.363	0	1.458	0	0	0	1.525	0	1.265	0	126.3	0	0	0	116	0	0	0	119.5	0	112.6	0	126.3	0	186.1	0	6	-120	-40	10	10	-12	-4	
-120	-110	10	20	1	-115.5	0	15.8	0	1.329	0	1.439	0	0	0	1.513	0	1.237	0	121.6	0	0	0	116.6	0	0	0	117.4	0	118.5	0	122.5	0	179	0	7	-120	10	10	10	-12	1	
-120	-110	-160	-150	1	-111.8	0	-153.6	0	1.352	0	1.412	0	0	0	1.501	0	1.246	0	123.2	0	0	0	113.8	0	0	0	122.4	0	118	0	121.6	0	183	0	4	-120	-160	10	10	-12	-16	
-120	-110	-180	-170	1	-113.4	0	-179.4	0	1.344	0	1.443	0	0	0	1.52	0	1.229	0	121.8	0	0	0	115	0	0	0	122.7	0	114.9	0	122.4	0	187	0	5	-120	-180	10	10	-12	-18	
-100	-90	0	10	8	-94.6	2.157	4.7	3.79	1.338	0.013	1.446	0.013	0	0	1.517	0.014	1.239	0.01	122.513	1.288	0	0	114.95	1.255	0	0	118.713	1.052	117.913	1.036	122.85	1.247	180.9	5.432	5	-100	0	10	10	-10	0	
-100	-90	140	150	7	-94.9	3.114	146	3.737	1.329	0.011	1.449	0.01	0	0	1.522	0.009	1.223	0.02	121.886	0.662	0	0	111.871	2.075	0	0	120.957	0.408	116.243	1.152	122.843	1.27	177.1	5.144	2	-100	140	10	10	-10	14	
-100	-90	-180	-170	4	-94.8	2.957	-178.2	1.355	1.339	0.012	1.443	0.009	0	0	1.531	0.005	1.224	0.01	121.75	0.619	0	0	111.675	0.806	0	0	122.15	0.545	115.725	1.879	123.875	0.457	183	8.996	2	-100	-180	10	10	-10	-18	
-100	-90	-160	-150	2	-94	2.058	-156	2.546	1.322	0.008	1.449	0.038	0	0	1.512	0.023	1.237	0.018	123.3	1.556	0	0	112	2.263	0	0	121.1	0.283	117.6	1.556	122.35	0.495	185.2	4.667	2	-100	-160	10	10	-10	-16	
-100	-90	20	30	2	-92.9	0.502	25.9	2.934	1.341	0.027	1.447	0.001	0	0	1.518	0.004	1.232	0.013	124.3	2.404	0	0	116.6	1.838	0	0	122.5	1.838	116.65	0.354	124.2	0.99	169.9	8.917	7	-100	20	10	10	-10	2	
-100	-90	-170	-160	3	-93.3	1.331	-166.9	3.959	1.335	0.007	1.448	0.009	0	0	1.527	0.007	1.225	0.015	122.5	1.217	0	0	111.533	0.379	0	0	121.5	0.889	115.867	1.553	123.867	0.737	187.1	8.59	2	-100	-170	10	10	-10	-17	
-100	-90	170	180	6	-95.4	2.651	176	2.503	1.332	0.01	1.443	0.012	0	0	1.528	0.014	1.235	0.014	122.583	1.187	0	0	112.717	1.977	0	0	122.317	0.7	115.983	0.952	122.9	1.137	181.3	6.37	3	-100	170	10	10	-10	17	
-100	-90	150	160	2	-98.3	0.679	152.7	0.955	1.323	0.025	1.441	0.001	0	0	1.514	0.008	1.228	0.008	123.15	2.475	0	0	114.85	1.909	0	0	123.05	0.636	116.8	0.849	124.2	1.98	174.5	0.163	5	-100	150	10	10	-10	15	
-100	-90	130	140	2	-96.4	1.718	133.8	2.821	1.329	0.001	1.449	0.001	0	0	1.522	0.001	1.223	0.003	121.4	0.707	0	0	111.55	1.626	0	0	120.8	1.131	117.15	0.071	122.85	0.354	177	0.24	2	-100	130	10	10	-10	13	
-100	-90	10	20	1	-91.7	0	13.5	0	1.326	0	1.438	0	0	0	1.519	0	1.252	0	123.9	0	0	0	114.6	0	0	0	117.6	0	116.4	0	122.4	0	178.3	0	5	-100	10	10	10	-10	1	
-100	-90	120	130	2	-92.7	0.354	125.3	5.424	1.332	0.002	1.449	0.021	0	0	1.504	0.015	1.247	0.006	121.4	1.556	0	0	112.2	4.667	0	0	120.1	1.131	116.4	0.566	122.85	0.071	176.7	2.772	2	-100	120	10	10	-10	12	
-100	-90	90	100	1	-90.5	0	92.7	0	1.308	0	1.479	0	0	0	1.515	0	1.202	0	120.9	0	0	0	108.6	0	0	0	119.5	0	113.8	0	125.4	0	184.5	0	-1	-100	90	10	10	-10	9	
-100	-90	-150	-140	2	-93.6	4.115	-145.9	2.029	1.312	0.007	1.459	0.017	0	0	1.508	0.008	1.233	0.02	122.65	0.636	0	0	113.15	0.212	0	0	121.8	0.424	118.15	0.778	123.05	0.354	186.2	2.574	3	-100	-150	10	10	-10	-15	
-100	-90	-30	-20	2	-91.5	0.453	-23.5	1.068	1.35	0.001	1.45	0.02	0	0	1.495	0.004	1.256	0	121.1	1.131	0	0	113.95	3.182	0	0	119.15	1.485	116.3	1.131	124.25	0.778	186.5	6.52	4	-100	-30	10	10	-10	-3	
-100	-90	-100	-90	1	-96	0	-94.6	0	1.341	0	1.445	0	0	0	1.517	0	1.25	0	123.1	0	0	0	110.1	0	0	0	120.8	0	117.6	0	121.8	0	187.9	0	0	-100	-100	10	10	-10	-10	
-100	-90	100	110	2	-96.7	3.246	102.9	1.846	1.327	0.006	1.467	0.009	0	0	1.516	0.001	1.24	0.03	121.25	0.354	0	0	108.95	3.323	0	0	119.9	0.283	115.1	0.141	123.6	0	183	0.021	-1	-100	100	10	10	-10	10	
-100	-90	160	170	2	-91.2	0.523	163.7	4.115	1.326	0.001	1.443	0.008	0	0	1.514	0.01	1.236	0.005	121.85	0.071	0	0	113.2	2.263	0	0	121.4	0.141	118.15	2.192	121.85	1.202	182.1	2.553	3	-100	160	10	10	-10	16	
-100	-90	-90	-80	1	-97.5	0	-82.7	0	1.316	0	1.461	0	0	0	1.504	0	1.26	0	122.3	0	0	0	111.8	0	0	0	121.9	0	115.8	0	125.1	0	187.8	0	2	-100	-90	10	10	-10	-9	
-100	-90	-10	0	3	-93.4	3.21	-3.7	2.669	1.317	0.013	1.44	0.014	0	0	1.505	0.024	1.231	0.016	122.567	0.379	0	0	115.033	2.318	0	0	119.2	0.361	117.867	1.582	122.6	0.721	176	8.588	5	-100	-10	10	10	-10	-1	
170	180	-150	-140	2	173.9	4.617	-146.4	1.633	1.345	0.006	1.46	0.004	0	0	1.521	0.001	1.246	0.021	121.1	0.283	0	0	110.4	2.97	0	0	121.1	0.424	116.25	0.495	121.9	0.849	180	4.624	0	170	-150	10	10	17	-15	
170	180	170	180	8	176.3	2.987	175.4	1.893	1.326	0.011	1.451	0.013	0	0	1.505	0.014	1.239	0.01	120.95	1.385	0	0	109.913	1.189	0	0	121.85	1.03	116.438	1.327	122.325	0.935	182	6.1	-0	170	170	10	10	17	17	
170	180	-180	-170	6	173.9	2.176	-175.9	2.815	1.337	0.008	1.445	0.01	0	0	1.509	0.021	1.241	0.02	120.417	2.6	0	0	110.517	1.52	0	0	121.45	1.224	117.45	0.807	122.083	0.462	180.4	4.052	1	170	-180	10	10	17	-18	
170	180	-170	-160	8	174.7	3.711	-165.6	2.608	1.323	0.012	1.447	0.014	0	0	1.516	0.009	1.231	0.014	121.35	0.967	0	0	109.675	2.051	0	0	120.663	1.047	116.65	1.742	122.388	0.916	180.2	6.859	-0	170	-170	10	10	17	-17	
170	180	160	170	3	177.8	2.838	166.8	2.096	1.323	0.01	1.441	0.024	0	0	1.524	0.009	1.234	0.006	120.3	1.513	0	0	110.1	1.493	0	0	122.733	0.321	116.767	1.332	122.1	0.624	173.2	5.929	0	170	160	10	10	17	16	
170	180	130	140	1	174.3	0	132.1	0	1.318	0	1.459	0	0	0	1.503	0	1.231	0	121.1	0	0	0	111.7	0	0	0	121.3	0	118.3	0	120	0	176.2	0	2	170	130	10	10	17	13	
170	180	80	90	1	173.3	0	89.7	0	1.328	0	1.438	0	0	0	1.508	0	1.244	0	120.2	0	0	0	111.3	0	0	0	122	0	117.7	0	122.5	0	186.6	0	1	170	80	10	10	17	8	
170	180	140	150	1	171.2	0	147.2	0	1.304	0	1.436	0	0	0	1.498	0	1.25	0	122.5	0	0	0	112.6	0	0	0	120.9	0	114.8	0	122.8	0	171.3	0	3	170	140	10	10	17	14	
170	180	-160	-150	1	178	0	-153.1	0	1.3	0	1.445	0	0	0	1.474	0	1.227	0	121.7	0	0	0	114.2	0	0	0	122.4	0	121.1	0	119.8	0	181.6	0	4	170	-160	10	10	17	-16	
100	110	10	20	4	103.9	2.629	12.8	3.281	1.333	0.006	1.449	0.007	0	0	1.502	0.01	1.243	0.02	122.1	1.023	0	0	117.525	2.731	0	0	119.65	0.772	118.125	1.522	122.225	1.713	175.9	1.035	8	100	10	10	10	10	1	
100	110	140	150	3	103.6	2.847	148.3	1.323	1.314	0.004	1.449	0.013	0	0	1.508	0.002	1.243	0.006	122.533	2.371	0	0	113.033	1.704	0	0	121.333	0.651	117.567	0.058	124.567	0.404	176.5	3.524	3	100	140	10	10	10	14	
100	110	160	170	3	106.8	2.51	166.5	4.294	1.32	0.006	1.442	0.008	0	0	1.514	0.015	1.239	0.014	123.433	1.75	0	0	112.167	1.415	0	0	122.467	0.777	114.967	1.96	123.767	1.137	177.4	9.478	2	100	160	10	10	10	16	
100	110	0	10	7	104.3	2.683	4.5	2.665	1.334	0.008	1.451	0.016	0	0	1.515	0.01	1.232	0.008	122.186	1.098	0	0	115.729	1.198	0	0	118.929	0.765	116.171	1.764	123.257	1.072	183.2	5.32	6	100	0	10	10	10	0	
100	110	-180	-170	4	105.6	3.954	-176.8	1.496	1.343	0.009	1.456	0.014	0	0	1.516	0.018	1.233	0.006	121.725	1.947	0	0	110.8	0.572	0	0	122.15	1.185	117.05	1.041	121.875	0.822	182.1	7.611	1	100	-180	10	10	10	-18	
100	110	-10	0	13	103.2	3.258	-5.9	3.454	1.334	0.015	1.454	0.013	0	0	1.513	0.019	1.238	0.017	122.169	2.542	0	0	113.969	1.656	0	0	118.831	1.613	117.531	2.691	121.738	2.257	182.6	3.721	4	100	-10	10	10	10	-1	
100	110	170	180	4	104.5	2.508	174.1	2.738	1.327	0.008	1.452	0.003	0	0	1.521	0.008	1.234	0.016	123.1	1.013	0	0	112.25	0.52	0	0	123.6	1.91	115.65	1.662	123.15	0.889	178.9	3.077	2	100	170	10	10	10	17	
100	110	-160	-150	2	105.1	6.498	-157.6	0.778	1.333	0.005	1.441	0.008	0	0	1.515	0.01	1.229	0.01	122.05	0.354	0	0	113.6	1.98	0	0	122.05	0.636	117	2.546	122.45	1.768	189.6	1.86	4	100	-160	10	10	10	-16	
100	110	-20	-10	7	103.1	2.299	-15.5	3.895	1.324	0.016	1.443	0.011	0	0	1.51	0.016	1.238	0.019	123.386	0.729	0	0	114.486	1.45	0	0	119.071	1.268	116	2.357	123.2	0.792	180.3	4.021	4	100	-20	10	10	10	-2	
100	110	130	140	1	106.6	0	136.3	0	1.314	0	1.463	0	0	0	1.535	0	1.238	0	122.7	0	0	0	108.7	0	0	0	119.4	0	114.8	0	123.9	0	189.4	0	-1	100	130	10	10	10	13	
100	110	20	30	2	104.5	3.804	25.7	1.393	1.321	0	1.442	0.014	0	0	1.519	0.005	1.222	0.018	122.45	0.495	0	0	114.6	1.131	0	0	118.25	1.626	119.15	0.212	122.45	0.212	176	3.543	5	100	20	10	10	10	2	
100	110	150	160	4	106	2.052	155.9	3.142	1.32	0.023	1.439	0.014	0	0	1.521	0.019	1.238	0.015	121.025	4.724	0	0	111.225	1.124	0	0	122.225	0.69	117.875	0.9	122.875	0.866	180.8	7.024	1	100	150	10	10	10	15	
100	110	120	130	1	103.1	0	128.9	0	1.338	0	1.459	0	0	0	1.509	0	1.262	0	123.8	0	0	0	113.2	0	0	0	120.6	0	113.6	0	125.5	0	172.7	0	3	100	120	10	10	10	12	
100	110	-30	-20	4	104.7	2.524	-23.2	1.997	1.347	0.009	1.442	0.012	0	0	1.526	0.012	1.234	0.01	123.975	0.556	0	0	114.15	1.415	0	0	119.375	0.419	115.575	1.556	121.975	0.998	183.5	7.627	4	100	-30	10	10	10	-3	
100	110	-170	-160	2	104.4	0.127	-165.6	3.217	1.315	0.01	1.429	0.028	0	0	1.513	0.018	1.234	0.033	123.9	3.111	0	0	113.9	1.838	0	0	122.9	0.283	119.95	4.879	121.15	3.041	183.3	5.685	4	100	-170	10	10	10	-17	
100	110	-40	-30	1	101.1	0	-34.4	0	1.344	0	1.434	0	0	0	1.506	0	1.228	0	124.9	0	0	0	113.7	0	0	0	120.9	0	115	0	123.9	0	173.5	0	4	100	-40	10	10	10	-4	
100	110	50	60	1	106.9	0	50.1	0	1.323	0	1.454	0	0	0	1.519	0	1.233	0	121.5	0	0	0	118.2	0	0	0	118.9	0	118	0	124.4	0	173.8	0	8	100	50	10	10	10	5	
100	110	-110	-100	1	102.6	0	-102.3	0	1.32	0	1.455	0	0	0	1.546	0	1.236	0	122.8	0	0	0	110.2	0	0	0	118.9	0	116.5	0	124.2	0	182.3	0	0	100	-110	10	10	10	-11	
-110	-100	150	160	3	-106.2	1.11	156.5	0.236	1.34	0.027	1.428	0.013	0	0	1.509	0.016	1.223	0.027	122.867	1.626	0	0	111.833	1.607	0	0	121.267	0.462	116.733	1.955	122.433	0.737	176.2	7.035	2	-110	150	10	10	-11	15	
-110	-100	140	150	3	-105.5	2.067	142.4	0.356	1.322	0.013	1.453	0.008	0	0	1.517	0.004	1.236	0.012	124.067	0.723	0	0	111.5	2.007	0	0	120.5	0.954	118	0.1	121.933	0.513	176	5.163	2	-110	140	10	10	-11	14	
-110	-100	-170	-160	4	-106	2.118	-165.2	4.08	1.335	0.013	1.441	0.002	0	0	1.516	0.012	1.24	0.011	122.275	0.263	0	0	112.725	1.271	0	0	122.025	1.328	116.625	2.112	122.075	1.403	180.1	10.715	3	-110	-170	10	10	-11	-17	
-110	-100	-120	-110	1	-108.6	0	-118.3	0	1.313	0	1.458	0	0	0	1.538	0	1.204	0	122.9	0	0	0	112.3	0	0	0	120	0	116	0	123	0	180.3	0	2	-110	-120	10	10	-11	-12	
-110	-100	-180	-170	2	-103.7	2.85	-174.8	1.782	1.333	0.006	1.448	0.008	0	0	1.52	0.004	1.23	0.004	122.05	0.778	0	0	112.7	0.283	0	0	122.95	0.919	115.1	1.556	123.1	0	182.5	10.402	3	-110	-180	10	10	-11	-18	
-110	-100	0	10	6	-104.8	2.571	7.4	2.304	1.331	0.011	1.445	0.013	0	0	1.509	0.012	1.239	0.008	123.35	1.056	0	0	116.55	1.401	0	0	119.467	0.999	118.367	1.224	122.467	1.496	185.2	5.298	7	-110	0	10	10	-11	0	
-110	-100	-150	-140	3	-103.6	3.122	-144.6	2.221	1.331	0.011	1.453	0.033	0	0	1.519	0.014	1.231	0.013	123	4.115	0	0	111.533	2.503	0	0	121.467	1.701	115.733	3.95	122.8	1.442	182.9	1.88	2	-110	-150	10	10	-11	-15	
-110	-100	-160	-150	1	-100.5	0	-151.1	0	1.32	0	1.432	0	0	0	1.515	0	1.239	0	124.9	0	0	0	113.3	0	0	0	120.3	0	119.5	0	123.7	0	186.5	0	3	-110	-160	10	10	-11	-16	
-110	-100	130	140	3	-102.2	2.489	134.2	2.654	1.331	0.008	1.467	0.02	0	0	1.516	0.005	1.237	0.014	122.033	0.651	0	0	109.667	0.907	0	0	121.233	1.012	114.933	0.551	123.867	0.666	179.9	2.845	-0	-110	130	10	10	-11	13	
-110	-100	160	170	1	-102.4	0	165.3	0	1.328	0	1.449	0	0	0	1.528	0	1.214	0	122.6	0	0	0	111	0	0	0	121	0	114.2	0	123.3	0	180.1	0	1	-110	160	10	10	-11	16	
-110	-100	170	180	3	-106.8	2.316	174.1	2.691	1.325	0.01	1.437	0.009	0	0	1.519	0.018	1.215	0.018	123.8	1.836	0	0	113.5	2.193	0	0	124.067	3.139	115.233	1.168	123.8	0.52	174.2	6.108	4	-110	170	10	10	-11	17	
-110	-100	-90	-80	1	-101.3	0	-86.6	0	1.328	0	1.439	0	0	0	1.518	0	1.231	0	126	0	0	0	109.1	0	0	0	121.4	0	113.7	0	123.7	0	181.7	0	-1	-110	-90	10	10	-11	-9	
-110	-100	30	40	1	-101.5	0	30.1	0	1.329	0	1.432	0	0	0	1.492	0	1.242	0	121.7	0	0	0	113.8	0	0	0	119.4	0	116.4	0	121.7	0	165.5	0	4	-110	30	10	10	-11	3	
-110	-100	120	130	2	-104.4	2.355	124.5	3.5	1.333	0.008	1.43	0.014	0	0	1.523	0.001	1.22	0.018	123.4	0.424	0	0	110.8	0.849	0	0	121.65	0.919	115.4	0.707	124.3	1.838	178.8	1.124	1	-110	120	10	10	-11	12	
70	80	170	180	5	77.9	1.544	176.2	3.52	1.333	0.009	1.455	0.016	0	0	1.519	0.012	1.223	0.019	121.38	0.606	0	0	111.86	2.012	0	0	123.2	1.259	118.46	3.776	122.5	2.66	180.1	7.024	2	70	170	10	10	7	17	
70	80	0	10	26	75.4	2.611	6.3	2.525	1.33	0.02	1.446	0.014	0	0	1.511	0.012	1.236	0.014	121.565	1.191	0	0	115.619	1.158	0	0	118.827	1.099	116.985	1.518	122.258	1.3	183.2	4.694	6	70	0	10	10	7	0	
70	80	20	30	27	74.4	2.726	24	2.454	1.33	0.012	1.446	0.012	0	0	1.514	0.014	1.235	0.018	120.815	1.647	0	0	114.826	1.642	0	0	120.063	1.181	117.644	1.855	121.63	1.313	180.8	4.52	5	70	20	10	10	7	2	
70	80	10	20	38	74.9	2.809	15.2	2.726	1.33	0.012	1.45	0.018	0	0	1.511	0.013	1.232	0.014	120.366	2.608	0	0	115.261	1.599	0	0	119.216	1.76	117.471	1.546	121.997	1.048	182.5	3.976	5	70	10	10	10	7	1	
70	80	-180	-170	5	74.2	1.926	-174.3	2.777	1.332	0.011	1.449	0.009	0	0	1.519	0.022	1.234	0.007	121.5	1.72	0	0	112.7	1.609	0	0	121.7	0.752	116.74	1.182	122.84	1.742	184.5	4.272	3	70	-180	10	10	7	-18	
70	80	-160	-150	11	74.3	3.131	-155	3.117	1.338	0.014	1.45	0.012	0	0	1.521	0.007	1.23	0.012	120.345	0.956	0	0	112.709	1.354	0	0	121.809	1.224	117.209	0.96	122.064	1.004	185.5	4.365	3	70	-160	10	10	7	-16	
70	80	-170	-160	8	74.1	3.026	-165.7	2.477	1.331	0.024	1.449	0.021	0	0	1.516	0.014	1.245	0.026	121.463	0.93	0	0	113.05	1.521	0	0	122	1.939	116.15	2.622	122.175	1.393	186.3	5.241	3	70	-170	10	10	7	-17	
70	80	-10	0	8	77.7	1.573	-3.5	2.667	1.334	0.012	1.439	0.015	0	0	1.511	0.01	1.232	0.012	122.938	1.856	0	0	115.638	0.725	0	0	118.85	0.663	116.25	1.169	122.975	0.925	184.9	4.571	6	70	-10	10	10	7	-1	
70	80	30	40	7	74.1	2.612	32.3	2.642	1.327	0.01	1.455	0.018	0	0	1.508	0.016	1.247	0.018	120.329	1.536	0	0	114.086	0.843	0	0	119.7	0.616	117.414	1.297	122.529	1.466	180.9	5.539	4	70	30	10	10	7	3	
70	80	160	170	1	75.8	0	168	0	1.321	0	1.448	0	0	0	1.532	0	1.208	0	122.3	0	0	0	111.1	0	0	0	124	0	116.7	0	123.8	0	168.1	0	1	70	160	10	10	7	16	
70	80	-130	-120	1	74.6	0	-124.2	0	1.302	0	1.442	0	0	0	1.495	0	1.238	0	121.3	0	0	0	110.9	0	0	0	119.8	0	116.2	0	122.2	0	183	0	1	70	-130	10	10	7	-13	
70	80	-20	-10	1	76	0	-14.7	0	1.358	0	1.463	0	0	0	1.498	0	1.26	0	122.7	0	0	0	118.4	0	0	0	118.6	0	116.3	0	121.1	0	190.7	0	8	70	-20	10	10	7	-2	
70	80	-150	-140	1	71.1	0	-143.5	0	1.33	0	1.454	0	0	0	1.527	0	1.239	0	120.5	0	0	0	111.7	0	0	0	121.3	0	118.8	0	121.5	0	186.6	0	2	70	-150	10	10	7	-15	
160	170	-160	-150	4	165.7	2.501	-154.2	2.872	1.331	0.005	1.462	0.006	0	0	1.522	0.021	1.229	0.019	119.7	1.781	0	0	111.05	1.994	0	0	121.05	0.85	116.975	2.007	122.75	0.839	182.2	5.209	1	160	-160	10	10	16	-16	
160	170	170	180	8	165.1	1.991	174.3	2.617	1.325	0.012	1.447	0.01	0	0	1.506	0.012	1.238	0.017	121.575	1.339	0	0	111.95	1.945	0	0	121.788	0.874	115.725	1.199	122.825	0.971	178.5	3.478	2	160	170	10	10	16	17	
160	170	160	170	4	163.9	2.275	166.7	2.769	1.329	0.019	1.447	0.01	0	0	1.509	0.01	1.229	0.019	120.8	2.523	0	0	110.95	0.733	0	0	122.125	1.489	116.375	1.401	121.525	2.948	174.8	7.062	1	160	160	10	10	16	16	
160	170	-180	-170	8	163.6	2.481	-174.6	2.886	1.321	0.011	1.446	0.008	0	0	1.512	0.01	1.233	0.015	120.775	1.809	0	0	111.187	0.906	0	0	122.05	1.195	117.613	1.105	122.2	0.537	181.4	4.258	1	160	-180	10	10	16	-18	
160	170	-170	-160	2	166.2	0.658	-163	3.182	1.338	0.004	1.447	0.006	0	0	1.513	0.003	1.235	0.006	120.75	1.202	0	0	110.75	0.212	0	0	120.9	0.283	118.55	0.495	121.85	0.071	186.6	3.663	1	160	-170	10	10	16	-17	
-150	-140	160	170	5	-143.2	2.455	163.2	2.57	1.332	0.012	1.448	0.01	0	0	1.513	0.011	1.23	0.008	120.58	0.356	0	0	110.86	1.06	0	0	122	0.914	116.9	1.136	122.4	0.846	179.4	4.729	1	-150	160	10	10	-15	16	
-150	-140	-170	-160	4	-142.9	2.852	-164.4	3.954	1.327	0.022	1.445	0.013	0	0	1.517	0.01	1.233	0.009	123.725	1.688	0	0	109.6	1.023	0	0	121.125	1.081	113.525	1.103	123.275	0.922	185.4	6.693	-0	-150	-170	10	10	-15	-17	
-150	-140	40	50	1	-142.4	0	40.1	0	1.326	0	1.429	0	0	0	1.503	0	1.233	0	125.3	0	0	0	111.5	0	0	0	120.6	0	114.4	0	123.8	0	178	0	2	-150	40	10	10	-15	4	
-150	-140	10	20	2	-147.1	2.298	16.7	4.059	1.349	0.01	1.449	0.008	0	0	1.507	0.01	1.235	0.005	119.9	0.424	0	0	117.5	3.253	0	0	118.55	1.485	114.95	0.636	123.25	0.354	176.5	5.374	8	-150	10	10	10	-15	1	
-150	-140	-140	-130	1	-146.3	0	-139.8	0	1.36	0	1.471	0	0	0	1.514	0	1.252	0	121.3	0	0	0	109.9	0	0	0	119	0	111.8	0	120.4	0	177.3	0	-0	-150	-140	10	10	-15	-14	
-150	-140	140	150	2	-148.7	0.707	145.9	2.539	1.31	0.012	1.453	0.004	0	0	1.499	0.01	1.224	0.005	121.8	0.283	0	0	112.05	2.051	0	0	121	0.283	118.2	1.131	123.6	0.141	170.3	12.523	2	-150	140	10	10	-15	14	
-150	-140	150	160	5	-145.7	2.038	156.4	0.915	1.324	0.012	1.455	0.015	0	0	1.514	0.019	1.242	0.013	122.06	0.994	0	0	110.3	1.538	0	0	121.26	1.278	116.54	1.718	122.76	1.685	174.5	5.228	0	-150	150	10	10	-15	15	
-150	-140	170	180	3	-144.3	3.671	171.2	0.778	1.346	0.028	1.449	0.002	0	0	1.512	0.002	1.24	0.028	121.433	0.839	0	0	111.767	0.896	0	0	121.133	1.96	117.2	2.524	122.567	1.629	180.8	4.501	2	-150	170	10	10	-15	17	
120	130	-20	-10	3	125.1	3.651	-13	3.835	1.324	0.014	1.444	0.009	0	0	1.521	0.016	1.237	0.013	122.933	1.25	0	0	115.133	1.405	0	0	118.8	1.229	117.033	1.617	122.733	0.611	181	3.513	5	120	-20	10	10	12	-2	
120	130	-170	-160	2	123.4	3.041	-166.7	1.718	1.324	0.028	1.463	0.006	0	0	1.501	0.018	1.244	0.005	122.9	2.263	0	0	111.6	0.283	0	0	122.55	1.061	115.85	2.899	124.2	0.849	185	4.632	2	120	-170	10	10	12	-17	
120	130	-150	-140	2	122.8	0.438	-144.5	2.362	1.336	0.005	1.445	0.022	0	0	1.512	0.001	1.24	0.005	123.25	0.919	0	0	111.6	1.273	0	0	121.9	1.556	117.55	3.182	122.45	2.192	183.9	6.916	2	120	-150	10	10	12	-15	
120	130	150	160	1	127.6	0	156.7	0	1.318	0	1.451	0	0	0	1.529	0	1.238	0	121.6	0	0	0	111.2	0	0	0	121.7	0	118	0	124	0	183.4	0	1	120	150	10	10	12	15	
120	130	-40	-30	1	123.3	0	-31.9	0	1.342	0	1.454	0	0	0	1.519	0	1.228	0	124.4	0	0	0	113	0	0	0	121.3	0	116.3	0	123	0	187.3	0	3	120	-40	10	10	12	-4	
120	130	170	180	2	125.6	1.761	173.4	0.156	1.333	0.009	1.459	0.015	0	0	1.511	0.001	1.231	0.004	123.55	1.626	0	0	111.8	1.273	0	0	122.3	0	114.3	0	123.45	0.071	183.2	4.08	2	120	170	10	10	12	17	
120	130	-50	-40	1	127.2	0	-42.1	0	1.363	0	1.45	0	0	0	1.515	0	1.226	0	119.2	0	0	0	115	0	0	0	122	0	113.4	0	123.6	0	170.5	0	5	120	-50	10	10	12	-5	
120	130	130	140	1	122.2	0	137.7	0	1.316	0	1.496	0	0	0	1.51	0	1.211	0	114.9	0	0	0	111.9	0	0	0	124	0	115.7	0	122.3	0	176.4	0	2	120	130	10	10	12	13	
120	130	-160	-150	1	127.8	0	-153.8	0	1.337	0	1.447	0	0	0	1.513	0	1.24	0	122.5	0	0	0	112	0	0	0	120.8	0	113.8	0	123.5	0	185.2	0	2	120	-160	10	10	12	-16	
120	130	160	170	3	123.8	1.61	167.6	1.112	1.327	0.003	1.447	0.005	0	0	1.521	0.015	1.232	0.006	122.4	1.572	0	0	112.533	1.305	0	0	122.333	1.159	116.667	2.15	123.533	1.767	179.3	12.474	3	120	160	10	10	12	16	
120	130	-140	-130	1	125.9	0	-132.8	0	1.327	0	1.456	0	0	0	1.533	0	1.223	0	123	0	0	0	108.8	0	0	0	119.8	0	114.4	0	123.8	0	184.8	0	-1	120	-140	10	10	12	-14	
120	130	-10	0	2	123.8	0.481	-3.7	0.7	1.33	0.014	1.451	0.016	0	0	1.538	0.016	1.245	0.008	121.6	1.131	0	0	115.45	2.758	0	0	117.45	0.495	118.55	1.202	123.25	0.778	184.9	11.971	5	120	-10	10	10	12	-1	
120	130	90	100	2	122.6	0.643	94.5	0.007	1.328	0.013	1.445	0.005	0	0	1.527	0.007	1.239	0.004	123.8	0.566	0	0	109.55	1.909	0	0	121.3	0.566	114.75	1.768	124.2	0.283	178.2	0.651	-0	120	90	10	10	12	9	
120	130	-180	-170	2	125.4	0.799	-174.7	2.934	1.325	0.01	1.436	0.021	0	0	1.509	0.005	1.226	0.001	123.65	0.495	0	0	112.35	0.212	0	0	121.65	0.071	116.6	1.131	123.45	0.212	181.8	0.163	2	120	-180	10	10	12	-18	
120	130	-30	-20	1	124.5	0	-23.9	0	1.329	0	1.444	0	0	0	1.517	0	1.229	0	124.4	0	0	0	115.3	0	0	0	119	0	117.5	0	123	0	190.5	0	5	120	-30	10	10	12	-3	
-160	-150	-150	-140	2	-153.1	2.178	-147.3	3.465	1.315	0.001	1.456	0.012	0	0	1.509	0.034	1.231	0.006	122.5	1.131	0	0	110.75	2.758	0	0	121	1.838	115.15	3.182	123	0.707	187.1	9.108	1	-160	-150	10	10	-16	-15	
-160	-150	170	180	7	-154.5	3.328	176.1	2.361	1.332	0.009	1.447	0.013	0	0	1.514	0.016	1.231	0.009	122.471	2.148	0	0	109.886	1.638	0	0	121.614	1.351	115.371	1.587	122.814	1.16	177.1	7.986	-0	-160	170	10	10	-16	17	
-160	-150	140	150	1	-154.1	0	142	0	1.344	0	1.424	0	0	0	1.505	0	1.244	0	119.5	0	0	0	115.1	0	0	0	119.2	0	117.5	0	124.1	0	172.9	0	5	-160	140	10	10	-16	14	
-160	-150	-180	-170	2	-158.2	1.895	-176.8	0.467	1.328	0.001	1.443	0.006	0	0	1.507	0.006	1.229	0.003	120.75	0.778	0	0	112.8	2.404	0	0	121.7	0	118.3	0.283	122.5	0.141	181.8	4.32	3	-160	-180	10	10	-16	-18	
-160	-150	150	160	2	-154.3	2.701	151.4	0.092	1.332	0.013	1.458	0.013	0	0	1.511	0.007	1.242	0.005	120	0.566	0	0	109.3	0.99	0	0	120.9	0.849	117.7	3.818	123.05	0.919	181.3	8.634	-1	-160	150	10	10	-16	15	
-160	-150	160	170	1	-153.9	0	163.3	0	1.33	0	1.464	0	0	0	1.503	0	1.235	0	118.3	0	0	0	116.1	0	0	0	122.7	0	118.7	0	121.4	0	160.1	0	6	-160	160	10	10	-16	16	
-160	-150	-170	-160	2	-155.7	5.982	-165.4	1.004	1.331	0.013	1.44	0.009	0	0	1.518	0.003	1.233	0	121.25	0.354	0	0	111.15	0.212	0	0	121.6	0.849	116.05	1.485	122.65	0.071	184.4	8.111	1	-160	-170	10	10	-16	-17	
-160	-150	-160	-150	1	-155.8	0	-150.9	0	1.328	0	1.459	0	0	0	1.531	0	1.233	0	122.9	0	0	0	108	0	0	0	120.5	0	113.9	0	125.5	0	180.2	0	-2	-160	-160	10	10	-16	-16	
-160	-150	-140	-130	1	-152	0	-136.6	0	1.32	0	1.448	0	0	0	1.48	0	1.239	0	122.4	0	0	0	112.9	0	0	0	120.1	0	118.4	0	122.4	0	190.4	0	3	-160	-140	10	10	-16	-14	
-40	-30	-60	-50	1	-39.4	0	-58.6	0	1.349	0	1.447	0	0	0	1.515	0	1.236	0	120.3	0	0	0	115.8	0	0	0	121.3	0	115.3	0	123.9	0	186.5	0	6	-40	-60	10	10	-4	-6	
40	50	-140	-130	1	48.7	0	-133.2	0	1.337	0	1.436	0	0	0	1.522	0	1.244	0	120	0	0	0	113.4	0	0	0	120.6	0	117.6	0	121.2	0	184.7	0	3	40	-140	10	10	4	-14	
40	50	40	50	1	47.8	0	47.8	0	1.344	0	1.424	0	0	0	1.528	0	1.228	0	124.2	0	0	0	116.9	0	0	0	119.2	0	114.7	0	121.6	0	176.6	0	7	40	40	10	10	4	4	
