PhiStart	PhiStop	PsiStart	PsiStop	Observations	PhiAvg	PhiDev	PsiAvg	PsiDev	L1Avg	L1Dev	L2Avg	L2Dev	L3Avg	L3Dev	L4Avg	L4Dev	L5Avg	L5Dev	a1Avg	a1Dev	a2Avg	a2Dev	a3Avg	a3Dev	a4Avg	a4Dev	a5Avg	a5Dev	a6Avg	a6Dev	a7Avg	a7Dev	OmeAvg	OmeDev	Color	X	Y	XLen	YLen	XBin	YBin	
-80	-70	-30	-20	143	-74.3	2.884	-25.4	2.835	1.334	0.014	1.456	0.013	1.529	0.017	1.523	0.014	1.235	0.015	120.614	1.811	110.534	1.91	112.564	1.238	110.119	2.306	119.32	1.266	117.21	1.603	121.998	1.325	180.5	7.346	3	-80	-30	10	10	-8	-3	
-80	-70	-40	-30	177	-73.1	2.497	-35.2	2.797	1.334	0.014	1.459	0.013	1.528	0.015	1.523	0.014	1.235	0.013	120.475	1.902	110.333	1.524	112.006	1.38	110.93	2.069	119.971	1.205	117.193	1.791	121.923	1.423	179.2	6.638	2	-80	-40	10	10	-8	-4	
-80	-70	-20	-10	170	-74.8	2.937	-14.6	2.789	1.335	0.014	1.458	0.013	1.531	0.016	1.523	0.014	1.236	0.013	121.279	1.88	110.469	1.845	113.07	1.116	110.161	2.059	119.217	1.417	117.307	1.72	122.081	1.125	179.5	5.943	3	-80	-20	10	10	-8	-2	
-80	-70	160	170	58	-74.7	2.825	164.8	2.841	1.331	0.012	1.453	0.016	1.528	0.021	1.528	0.013	1.235	0.014	121.052	2.15	110.709	1.523	110.326	1.049	109.712	2.357	122.167	1.486	116.834	1.539	122.493	1.091	178.2	6.316	0	-80	160	10	10	-8	16	
-80	-70	-50	-40	109	-73.6	2.725	-43.7	2.686	1.333	0.016	1.457	0.012	1.533	0.019	1.523	0.014	1.233	0.011	121.091	1.648	110.418	1.378	111.44	1.23	110.82	1.602	120.423	1.118	117.166	1.553	122.145	1.116	182.9	6.867	1	-80	-50	10	10	-8	-5	
-80	-70	-10	0	114	-75	2.816	-6.7	2.502	1.333	0.013	1.459	0.012	1.529	0.019	1.521	0.014	1.236	0.013	121.533	2.643	110.539	2.13	113.236	1.213	110.054	2.084	118.689	1.203	117.219	2.041	122.455	1.68	177.5	5.601	3	-80	-10	10	10	-8	-1	
-80	-70	-60	-50	24	-74.6	3.315	-54	2.668	1.337	0.01	1.464	0.009	1.533	0.011	1.522	0.014	1.238	0.009	120.796	1.342	110.421	1.433	110.958	1.197	110.975	2.386	121.325	1.23	117.329	1.267	122.079	1.098	183.6	5.984	1	-80	-60	10	10	-8	-6	
-80	-70	140	150	109	-74.7	2.954	144.8	2.916	1.328	0.013	1.454	0.014	1.527	0.015	1.522	0.012	1.233	0.013	121.017	1.495	110.138	1.707	110.756	1.521	109.43	1.703	121.339	1.154	117.051	1.718	122.279	1.253	174.8	7.485	1	-80	140	10	10	-8	14	
-80	-70	130	140	131	-74.6	3.179	135.1	2.8	1.329	0.013	1.456	0.011	1.518	0.134	1.523	0.014	1.235	0.013	121.205	1.315	109.153	9.724	110.029	1.394	109.086	9.791	120.74	1.136	116.956	1.584	122.263	1.088	176.9	5.555	0	-80	130	10	10	-8	13	
-80	-70	-180	-170	10	-76.4	2.272	-174.7	2.908	1.321	0.01	1.462	0.01	1.528	0.011	1.524	0.018	1.234	0.007	122.69	1.305	110.26	1.917	109.57	1.801	113.7	0.803	122.52	0.83	116.48	1.826	123.31	1.199	184.6	2.465	-0	-80	-180	10	10	-8	-18	
-80	-70	120	130	88	-75.2	2.907	125.1	2.802	1.331	0.018	1.458	0.012	1.526	0.014	1.524	0.014	1.236	0.011	121.131	1.921	109.938	1.422	109.38	1.415	110.411	1.427	120.542	1.245	116.65	1.861	122.509	1.081	181	6.116	-1	-80	120	10	10	-8	12	
-80	-70	170	180	22	-74.5	2.803	173.7	2.574	1.336	0.01	1.452	0.014	1.528	0.014	1.526	0.017	1.24	0.014	121.295	1.466	110.191	1.288	110.382	1.458	111.582	2.155	122.023	0.931	115.882	1.337	122.868	0.851	182.4	7.27	0	-80	170	10	10	-8	17	
-80	-70	150	160	69	-74.6	2.894	154.8	2.889	1.332	0.014	1.451	0.013	1.532	0.016	1.527	0.014	1.233	0.014	121.164	1.902	110.254	1.732	110.825	1.411	109.726	2.391	121.897	1.039	117.13	1.996	122.214	1.342	175.6	6.823	1	-80	150	10	10	-8	15	
-80	-70	110	120	38	-76.3	2.69	115.6	2.888	1.334	0.015	1.461	0.013	1.528	0.014	1.526	0.012	1.235	0.011	121.774	1.86	110.253	1.431	108.716	1.392	111.05	1.303	120.626	1.195	117.389	2.297	122.034	1.901	183.5	5.505	-1	-80	110	10	10	-8	11	
-80	-70	100	110	19	-76.3	2.706	105.4	3.038	1.325	0.017	1.463	0.015	1.525	0.011	1.523	0.012	1.231	0.011	122.132	1.903	109.942	2.294	108.926	1.61	110.626	1.255	120.637	1.536	116.9	1.671	122.668	1.043	185.3	4.04	-1	-80	100	10	10	-8	10	
-80	-70	70	80	6	-77.8	3.021	76.1	2.692	1.337	0.014	1.463	0.01	1.519	0.016	1.532	0.008	1.235	0.008	122.083	1.439	110.35	1.821	108.467	0.885	110.65	1.82	122.917	1.788	116.017	2.327	122.517	0.87	184.7	4.61	-2	-80	70	10	10	-8	7	
-80	-70	0	10	14	-75.9	2.502	2.9	2.355	1.339	0.023	1.46	0.016	1.526	0.012	1.527	0.013	1.231	0.013	121.371	1.81	110.871	0.515	113.343	1.385	110.964	1.959	119.264	1.811	116.807	1.461	122.4	1.415	173	6.428	3	-80	0	10	10	-8	0	
-80	-70	-70	-60	5	-74.7	2.257	-61.6	1.136	1.33	0.009	1.463	0.01	1.533	0.011	1.526	0.007	1.231	0.01	119.88	0.996	109.94	1.629	111	1.53	111.7	1.451	120.96	0.767	117.74	2.243	122.18	1.066	187.4	9.208	1	-80	-70	10	10	-8	-7	
-80	-70	80	90	4	-76.2	2.825	83.9	3.015	1.331	0.009	1.463	0.01	1.527	0.024	1.523	0.011	1.236	0.011	121.95	1.396	111.25	1.353	108.625	2.51	110.7	1.92	121.875	0.834	117.55	0.58	123.625	1.056	187.6	3.288	-1	-80	80	10	10	-8	8	
-80	-70	90	100	7	-76.7	2.762	95.3	3.534	1.33	0.024	1.462	0.008	1.528	0.008	1.527	0.017	1.232	0.015	122.957	1.97	109.943	2.016	107.729	2.184	111.414	1.727	121.571	0.767	117.071	1.842	122.557	1.418	186.8	7.407	-2	-80	90	10	10	-8	9	
-80	-70	-170	-160	1	-74.2	0	-165.9	0	1.331	0	1.451	0	1.508	0	1.535	0	1.244	0	122.2	0	111.5	0	107.9	0	115.9	0	121.3	0	114.9	0	123.4	0	192.6	0	-2	-80	-170	10	10	-8	-17	
-80	-70	50	60	1	-76.8	0	59.7	0	1.338	0	1.464	0	1.539	0	1.544	0	1.242	0	122.8	0	109.3	0	112.5	0	110.9	0	121.9	0	117.2	0	122	0	178.9	0	3	-80	50	10	10	-8	5	
-80	-70	60	70	2	-79.4	0.318	67.7	2.051	1.351	0.008	1.452	0.016	1.523	0.006	1.533	0.015	1.236	0.008	122.2	4.243	112.9	5.374	112.85	2.758	109.4	1.697	121.75	1.768	117.25	1.061	122.65	0.212	175.4	8.803	3	-80	60	10	10	-8	6	
-60	-50	-40	-30	306	-57.3	2.042	-35.9	2.747	1.336	0.013	1.458	0.013	1.532	0.016	1.521	0.013	1.236	0.013	120.384	1.518	110.258	1.484	112.011	1.363	110.329	1.66	120.246	1.216	117.184	1.61	121.994	1.207	180.9	3.594	2	-60	-40	10	10	-6	-4	
-60	-50	-60	-50	99	-56.2	2.506	-52.1	1.733	1.333	0.011	1.46	0.011	1.53	0.016	1.525	0.011	1.235	0.011	121.225	1.207	109.81	1.327	110.587	1.161	111.521	1.38	121.363	0.966	117.052	1.355	122.243	1.105	183.3	3.004	1	-60	-60	10	10	-6	-6	
-60	-50	-50	-40	822	-57.5	2.084	-44.9	2.682	1.335	0.012	1.46	0.012	1.532	0.015	1.523	0.014	1.236	0.012	120.462	1.335	110.021	1.457	110.918	1.091	110.863	1.65	121.03	1.074	117.303	1.376	122.027	1.101	181.2	2.913	1	-60	-50	10	10	-6	-5	
-60	-50	-30	-20	80	-58	1.714	-26.2	2.921	1.338	0.013	1.456	0.012	1.536	0.019	1.521	0.015	1.235	0.012	120.945	1.517	109.924	2.042	112.425	1.02	109.895	2.415	119.593	1.011	117.38	1.607	122.036	1.181	180.5	3.397	2	-60	-30	10	10	-6	-3	
-60	-50	130	140	130	-55.3	2.623	134.7	2.87	1.333	0.012	1.456	0.013	1.531	0.014	1.523	0.013	1.233	0.012	120.849	1.468	109.544	1.539	110.198	1.65	110.065	1.744	121.117	1.197	116.689	1.832	122.291	1.442	178	5.538	0	-60	130	10	10	-6	13	
-60	-50	140	150	78	-56.3	2.835	144.1	2.599	1.332	0.015	1.456	0.013	1.531	0.018	1.523	0.011	1.236	0.012	120.662	1.445	109.995	1.91	110.164	1.226	109.618	1.638	121.437	1.27	116.8	2.119	122.106	1.322	177.7	6.61	0	-60	140	10	10	-6	14	
-60	-50	150	160	18	-58.2	1.695	153.8	2.45	1.33	0.014	1.454	0.013	1.531	0.014	1.52	0.011	1.236	0.017	120.811	1.347	109.922	1.836	109.989	1.013	109.983	2.756	122.083	0.965	115.75	1.558	122.789	1.287	180.1	7.246	-0	-60	150	10	10	-6	15	
-60	-50	110	120	3	-58.6	1.168	118.4	1.437	1.34	0.019	1.458	0.004	1.526	0.02	1.511	0.031	1.235	0.006	121.533	1.95	109.133	2.829	109.567	1.909	111.1	1.4	120.567	0.902	117.133	0.577	121.667	1.75	187.4	5.696	-0	-60	110	10	10	-6	11	
-60	-50	120	130	24	-55.5	2.698	126.9	2.329	1.328	0.017	1.46	0.013	1.528	0.019	1.518	0.013	1.235	0.016	121.208	1.763	109.354	1.76	110.533	1.682	110.392	1.71	120.45	1.003	116.975	1.848	122.354	0.966	179.8	5.615	1	-60	120	10	10	-6	12	
-60	-50	-20	-10	5	-59.2	0.609	-17.1	2.441	1.328	0.017	1.46	0.015	1.536	0.019	1.528	0.007	1.243	0.022	123.26	3.183	110.88	3.693	112.58	1.277	111.06	1.104	118.98	1.173	117.74	3.054	123	2.223	178.3	4.443	3	-60	-20	10	10	-6	-2	
-60	-50	170	180	1	-58.4	0	171.7	0	1.347	0	1.421	0	1.515	0	1.568	0	1.176	0	120.1	0	110.2	0	108.9	0	112.4	0	124.4	0	116.3	0	124.2	0	188	0	-1	-60	170	10	10	-6	17	
-60	-50	160	170	1	-58.6	0	161.9	0	1.342	0	1.46	0	1.532	0	1.502	0	1.229	0	120.5	0	110.3	0	111.7	0	112.4	0	123.7	0	115.6	0	124	0	170.6	0	2	-60	160	10	10	-6	16	
-70	-60	-40	-30	915	-64.5	2.622	-36.4	2.695	1.335	0.013	1.459	0.012	1.528	0.016	1.523	0.013	1.237	0.012	119.993	1.446	110.295	1.54	111.497	1.033	111.046	1.821	120.151	1.085	117.251	1.338	121.891	1.064	178.4	3.703	1	-70	-40	10	10	-7	-4	
-70	-60	-50	-40	1480	-63.7	2.457	-44	2.537	1.334	0.014	1.46	0.012	1.53	0.016	1.524	0.012	1.237	0.011	120.362	1.276	110.106	1.443	110.958	1.037	111.145	1.528	120.795	1.03	117.239	1.285	122.059	1.001	179.6	3.406	1	-70	-50	10	10	-7	-5	
-70	-60	-30	-20	341	-64.9	2.68	-25.3	2.999	1.334	0.014	1.458	0.014	1.53	0.019	1.522	0.015	1.236	0.013	120.581	1.603	110.482	1.643	112.387	1.223	110.288	2.224	119.353	1.216	117.142	1.776	122.025	1.239	179.5	4.617	2	-70	-30	10	10	-7	-3	
-70	-60	-10	0	23	-68.1	1.769	-7.3	2.517	1.333	0.012	1.455	0.014	1.53	0.014	1.518	0.014	1.24	0.02	121.248	1.805	110.535	1.752	113.348	0.873	110.713	1.673	118.591	1.235	116.687	2.026	122.357	1.237	174.9	3.705	3	-70	-10	10	10	-7	-1	
-70	-60	-60	-50	99	-63.7	2.438	-51.9	1.635	1.333	0.013	1.459	0.013	1.535	0.016	1.524	0.012	1.238	0.013	121.176	1.329	110.183	1.517	110.77	1.198	111.226	1.612	121.281	1.083	117.297	1.314	121.982	1.07	182.6	4.205	1	-70	-60	10	10	-7	-6	
-70	-60	-20	-10	212	-66.4	2.38	-16.1	2.875	1.335	0.013	1.457	0.014	1.53	0.02	1.522	0.013	1.236	0.012	120.933	1.545	110.298	1.864	112.95	1.206	110.252	2.133	119.128	1.239	117.144	1.612	122.21	1.185	177.2	4.251	3	-70	-20	10	10	-7	-2	
-70	-60	160	170	50	-66.4	2.727	164.2	2.613	1.331	0.014	1.451	0.015	1.529	0.013	1.529	0.011	1.235	0.015	120.77	1.926	110.564	1.292	110.522	1.424	109.772	2.303	121.988	1.077	116.494	1.65	122.768	1.129	176.3	6.085	1	-70	160	10	10	-7	16	
-70	-60	140	150	138	-64.9	3.022	144.7	3.012	1.33	0.013	1.456	0.011	1.532	0.019	1.523	0.013	1.235	0.013	120.593	1.494	109.938	1.5	110.365	1.357	109.828	1.622	121.419	0.961	117.006	1.836	122.072	1.296	177	6.799	0	-70	140	10	10	-7	14	
-70	-60	130	140	154	-64.6	2.772	134.9	2.85	1.33	0.016	1.455	0.012	1.531	0.017	1.522	0.014	1.236	0.013	120.672	1.966	109.896	1.559	110.125	1.579	110.051	2.024	121.036	1.141	116.941	2.019	121.997	1.593	177.5	5.903	0	-70	130	10	10	-7	13	
-70	-60	150	160	87	-65.6	2.575	154.6	3.133	1.331	0.014	1.455	0.014	1.527	0.017	1.529	0.019	1.234	0.013	120.743	1.811	110.505	1.468	110.602	1.434	109.669	1.732	121.801	1.156	116.868	2.199	122.328	1.325	175.1	6.921	1	-70	150	10	10	-7	15	
-70	-60	120	130	63	-65	2.966	126.7	2.328	1.33	0.015	1.455	0.014	1.528	0.014	1.524	0.013	1.236	0.012	120.987	1.353	109.559	1.351	109.724	1.447	110.346	1.348	120.608	1.281	117.108	1.764	122.216	0.976	181.4	5.155	-0	-70	120	10	10	-7	12	
-70	-60	170	180	6	-65.7	1.671	172.9	3.343	1.326	0.009	1.455	0.015	1.528	0.019	1.528	0.012	1.231	0.008	120.267	1.533	109.117	1.144	109.833	1.093	111.333	2.19	121.85	0.918	115.483	1.187	123.167	1.227	182.1	7.63	-0	-70	170	10	10	-7	17	
-70	-60	110	120	8	-67	2.063	116.9	2.728	1.327	0.013	1.46	0.009	1.531	0.007	1.524	0.015	1.238	0.007	121.4	1.089	109.338	1.892	109.488	1.615	110.925	1.077	120.7	0.758	117.325	2.113	122.263	1.761	181.8	3.342	-1	-70	110	10	10	-7	11	
-70	-60	30	40	1	-69.5	0	33.8	0	1.333	0	1.485	0	1.531	0	1.508	0	1.237	0	131.7	0	108.2	0	107.7	0	108	0	119.8	0	118.2	0	122.8	0	189.8	0	-2	-70	30	10	10	-7	3	
-70	-60	10	20	1	-65.1	0	11.9	0	1.189	0	1.578	0	1.506	0	1.249	0	1.39	0	141.6	0	120.7	0	119	0	114.6	0	95.7	0	122.1	0	118.8	0	222.6	0	9	-70	10	10	10	-7	1	
-70	-60	-70	-60	2	-67.2	1.704	-67.1	3.797	1.324	0.01	1.465	0.016	1.528	0.011	1.535	0.002	1.237	0.003	121.35	0.071	109.8	0.707	111.15	1.202	112.15	0.495	120.3	1.131	117.35	0.212	122.3	0.283	186.1	4.08	1	-70	-70	10	10	-7	-7	
-70	-60	100	110	1	-69.8	0	109.1	0	1.345	0	1.461	0	1.524	0	1.53	0	1.224	0	120.6	0	110.6	0	108.4	0	113.1	0	120.7	0	115.1	0	123.3	0	190.4	0	-2	-70	100	10	10	-7	10	
-90	-80	-30	-20	67	-84.8	3.157	-24.5	2.809	1.332	0.016	1.458	0.013	1.531	0.013	1.517	0.012	1.237	0.014	121.576	1.603	110.466	1.69	113.155	1.25	109.385	2.271	119.601	1.286	116.785	1.794	122.599	1.231	183.7	6.471	3	-90	-30	10	10	-9	-3	
-90	-80	-10	0	129	-84.9	2.811	-5.3	3.018	1.33	0.016	1.456	0.013	1.532	0.015	1.522	0.014	1.237	0.013	122.01	1.684	110.54	1.498	113.192	1.336	109.916	1.88	119.145	1.216	117.562	1.68	122.565	1.071	180.1	7.153	3	-90	-10	10	10	-9	-1	
-90	-80	110	120	70	-85.5	2.946	114.8	3.166	1.329	0.012	1.459	0.011	1.527	0.012	1.524	0.012	1.237	0.013	121.786	1.229	110.194	1.866	108.524	1.716	110.756	1.778	120.44	1.474	116.467	1.927	123.029	1.103	182.3	5.304	-1	-90	110	10	10	-9	11	
-90	-80	50	60	8	-86.4	2.232	55.6	3.278	1.329	0.012	1.458	0.013	1.522	0.008	1.525	0.01	1.23	0.011	122.412	1.219	110.188	1.834	112.338	1.683	111.837	1.744	122.05	1.186	117.063	0.84	122.813	0.743	180.2	5.707	2	-90	50	10	10	-9	5	
-90	-80	0	10	68	-85.9	2.725	3.7	2.641	1.331	0.013	1.458	0.012	1.532	0.017	1.525	0.013	1.235	0.013	122.474	1.861	110.343	1.568	112.944	0.973	110.346	2.103	119.319	1.143	117.563	1.483	122.749	1.427	179.5	5.743	3	-90	0	10	10	-9	0	
-90	-80	100	110	40	-85.2	3.083	105.9	3.058	1.333	0.011	1.46	0.014	1.525	0.014	1.522	0.014	1.235	0.011	121.95	1.458	110.28	1.52	107.792	1.935	111.238	1.783	121.033	1.094	116.538	1.552	122.77	1.036	183.5	5.787	-2	-90	100	10	10	-9	10	
-90	-80	130	140	86	-85.5	2.914	134.6	2.913	1.33	0.015	1.456	0.014	1.531	0.015	1.524	0.013	1.234	0.013	121.99	1.372	109.93	1.472	109.716	1.682	109.856	1.416	120.727	1.146	116.424	1.495	122.745	1.346	177	6.467	-0	-90	130	10	10	-9	13	
-90	-80	140	150	83	-85.4	2.849	144.9	2.97	1.33	0.014	1.457	0.014	1.531	0.016	1.522	0.014	1.237	0.013	121.937	1.444	110.299	1.49	110.294	1.699	109.564	1.773	121.22	1.157	116.475	1.772	122.677	1.135	174.5	6.06	0	-90	140	10	10	-9	14	
-90	-80	-20	-10	114	-84.6	2.758	-14.7	3.061	1.334	0.017	1.455	0.015	1.533	0.02	1.521	0.013	1.238	0.013	121.639	1.728	110.499	1.495	113.491	1.32	109.48	2.201	119.224	1.01	117.258	1.834	122.313	1.25	183.1	6.006	3	-90	-20	10	10	-9	-2	
-90	-80	70	80	27	-84.9	2.614	75.2	2.98	1.333	0.01	1.465	0.015	1.524	0.014	1.528	0.011	1.237	0.01	122.311	1.512	110.563	1.188	108.915	1.748	112.337	1.242	122.785	1.026	116.659	1.496	122.8	1.09	185.7	7.633	-1	-90	70	10	10	-9	7	
-90	-80	90	100	34	-86.1	2.949	95.3	3.215	1.333	0.012	1.462	0.014	1.522	0.014	1.521	0.012	1.231	0.017	122.441	1.694	110.544	1.373	108.382	1.508	111.356	1.8	121.429	1.068	116.644	1.739	122.353	1.447	184	5.301	-2	-90	90	10	10	-9	9	
-90	-80	10	20	18	-87.4	2.089	13.4	2.909	1.331	0.016	1.452	0.013	1.534	0.018	1.522	0.021	1.239	0.014	122.55	2.075	110.444	1.361	114.022	1.488	110.511	2.094	119.944	1.468	117.506	1.612	122.583	1.184	175.7	7.016	4	-90	10	10	10	-9	1	
-90	-80	80	90	21	-85.5	2.537	85.3	3.285	1.334	0.013	1.461	0.014	1.528	0.014	1.522	0.015	1.231	0.012	122.629	1.866	110.281	1.46	108.362	2.072	111.719	1.767	122.205	1.343	116.781	1.478	122.157	1.36	185.7	6.181	-2	-90	80	10	10	-9	8	
-90	-80	120	130	82	-84.9	2.891	126.3	2.824	1.33	0.014	1.458	0.013	1.531	0.016	1.524	0.013	1.233	0.012	121.817	1.566	110.183	1.563	109.198	1.545	110.177	1.774	120.665	1.058	116.289	1.692	122.839	1.231	178.4	5.757	-1	-90	120	10	10	-9	12	
-90	-80	-40	-30	54	-84.1	2.839	-34.3	2.634	1.328	0.015	1.459	0.013	1.533	0.013	1.523	0.015	1.237	0.012	121.498	2.205	109.9	1.292	112.715	1.309	110.143	1.843	119.709	1.555	117.05	1.828	122.22	1.571	183.8	6.967	3	-90	-40	10	10	-9	-4	
-90	-80	-180	-170	16	-85.1	2.947	-176.1	3.161	1.334	0.013	1.46	0.012	1.521	0.015	1.525	0.012	1.235	0.012	121.481	1.691	110.281	1.195	110.1	1.114	113.831	2.094	121.613	1.209	115.55	1.618	123.206	1.576	184.5	4.769	0	-90	-180	10	10	-9	-18	
-90	-80	-50	-40	30	-83.8	2.55	-44.1	2.892	1.331	0.014	1.458	0.014	1.537	0.016	1.524	0.014	1.235	0.012	122.357	2.579	109.963	1.632	112.58	1.691	110.877	1.867	120.553	1.049	117.423	2.208	122.067	1.62	185.1	6.553	3	-90	-50	10	10	-9	-5	
-90	-80	150	160	50	-84.6	3.139	155.2	2.807	1.327	0.013	1.453	0.012	1.531	0.014	1.526	0.013	1.235	0.013	121.906	1.512	110.886	1.792	110.324	1.252	109.804	1.732	121.616	1.288	116.532	1.441	122.634	0.972	176.3	6.5	0	-90	150	10	10	-9	15	
-90	-80	30	40	4	-85	3.658	37.1	3.416	1.328	0.026	1.459	0.014	1.527	0.011	1.52	0.025	1.234	0.015	122.725	1.621	109.8	2.486	113.9	0.787	111.3	1.314	120	0.739	117.475	2.825	122.45	0.947	178	3.027	4	-90	30	10	10	-9	3	
-90	-80	60	70	18	-85.8	2.516	65.9	1.732	1.33	0.018	1.464	0.009	1.521	0.014	1.533	0.011	1.23	0.016	122.156	1.3	110.406	1.002	110.4	1.251	111.989	1.464	122.556	1.25	116.378	1.43	122.944	0.819	179.8	5.934	0	-90	60	10	10	-9	6	
-90	-80	160	170	54	-84.2	2.939	164.9	2.656	1.328	0.015	1.453	0.011	1.526	0.017	1.527	0.015	1.232	0.015	121.433	2.995	110.448	1.467	110.561	1.332	110.341	1.586	121.839	0.843	116.285	2.178	123.104	1.516	177.2	6.173	1	-90	160	10	10	-9	16	
-90	-80	170	180	24	-84.4	3.152	174.2	2.897	1.33	0.016	1.452	0.016	1.525	0.015	1.53	0.009	1.233	0.014	121.808	2.283	110.571	1.176	110.633	1.712	112.125	2.647	121.65	1.543	116.6	2.187	122.833	1.321	181.3	5.301	1	-90	170	10	10	-9	17	
-90	-80	20	30	5	-87.6	1.182	24.4	0.7	1.349	0.01	1.463	0.006	1.528	0.009	1.523	0.013	1.246	0.017	121.56	1.592	110.96	0.976	113.5	0.534	111.86	1.491	119.3	0.66	115.52	1.326	123.22	1.205	169.6	16.567	4	-90	20	10	10	-9	2	
-90	-80	-160	-150	1	-89.2	0	-158.7	0	1.345	0	1.467	0	1.552	0	1.525	0	1.23	0	119.5	0	109.2	0	108.8	0	117.1	0	119.5	0	112.4	0	125.8	0	186.7	0	-1	-90	-160	10	10	-9	-16	
-90	-80	-60	-50	8	-84.5	3.876	-54.3	2.701	1.324	0.01	1.452	0.017	1.54	0.017	1.533	0.013	1.233	0.013	122.437	1.883	109.913	1.532	111.163	1.583	111.363	1.914	120.7	1.305	117.137	1.672	122.525	0.9	188.1	7.418	1	-90	-60	10	10	-9	-6	
-90	-80	-170	-160	4	-85.6	3.068	-165	2.779	1.339	0.013	1.453	0.008	1.539	0.003	1.533	0.014	1.235	0.007	121.75	1.145	109.875	0.85	108.7	1.388	114.55	1.9	119.875	1.261	115.125	0.896	123.2	0.833	183.7	0.299	-1	-90	-170	10	10	-9	-17	
-90	-80	-70	-60	2	-82.8	2.871	-65.5	3.592	1.343	0.021	1.465	0.006	1.535	0.004	1.526	0.014	1.235	0.006	120.15	0.636	110.55	2.192	111.8	2.263	111.45	1.344	120.5	1.556	117.25	2.475	122.7	0.141	187.5	0.757	2	-90	-70	10	10	-9	-7	
-90	-80	-80	-70	1	-84.7	0	-77.2	0	1.318	0	1.485	0	1.533	0	1.524	0	1.23	0	122.9	0	110.5	0	107.8	0	115.1	0	122.6	0	118	0	123.4	0	173.3	0	-2	-90	-80	10	10	-9	-8	
-90	-80	40	50	1	-89.7	0	49.1	0	1.319	0	1.462	0	1.525	0	1.535	0	1.241	0	122.2	0	109.3	0	111.4	0	110.9	0	119.7	0	118.9	0	122.4	0	181.7	0	1	-90	40	10	10	-9	4	
-120	-110	10	20	43	-115	2.829	14.9	2.778	1.334	0.012	1.457	0.013	1.529	0.016	1.523	0.015	1.235	0.013	122.209	1.813	111.723	1.785	112.377	1.218	111.181	1.717	119.87	1.296	117.302	1.732	122.712	1.251	179.1	6.671	2	-120	10	10	10	-12	1	
-120	-110	150	160	75	-115.2	2.94	154.4	2.949	1.329	0.013	1.453	0.012	1.535	0.016	1.525	0.011	1.235	0.011	122.655	1.733	111.459	1.72	109.877	1.619	109.477	2.114	121.588	1.344	116.111	1.754	123.533	1.028	175.5	6.866	-0	-120	150	10	10	-12	15	
-120	-110	130	140	178	-115.3	2.743	134.9	2.893	1.331	0.013	1.455	0.012	1.537	0.015	1.522	0.012	1.236	0.013	123.155	1.288	110.712	1.596	109.072	1.737	109.776	1.889	120.479	1.005	115.813	1.437	123.526	1.008	176.5	6.731	-1	-120	130	10	10	-12	13	
-120	-110	160	170	50	-114.9	2.645	163.9	2.877	1.328	0.011	1.455	0.013	1.534	0.016	1.524	0.013	1.232	0.012	122.81	2.1	110.972	1.584	109.81	1.463	110.274	1.707	121.864	1.043	115.806	1.802	123.372	1.507	178.2	7.093	-0	-120	160	10	10	-12	16	
-120	-110	20	30	26	-114.3	2.639	24.5	2.881	1.329	0.019	1.456	0.012	1.53	0.017	1.526	0.015	1.227	0.016	122.719	1.57	111.35	1.733	112.115	1.348	111.708	1.849	120.758	1.35	117.15	2.034	122.965	1.24	176.5	6.521	2	-120	20	10	10	-12	2	
-120	-110	120	130	153	-115	2.805	125.3	2.647	1.33	0.012	1.459	0.011	1.533	0.013	1.52	0.012	1.236	0.012	123.146	1.196	111.07	1.445	108.206	1.478	110.388	1.615	120.344	1.234	115.917	1.395	123.668	1.012	179.8	6.196	-2	-120	120	10	10	-12	12	
-120	-110	110	120	100	-114.7	3.106	115.8	2.813	1.33	0.013	1.46	0.013	1.53	0.014	1.523	0.014	1.237	0.011	123.193	1.414	111.017	1.804	107.66	1.486	110.855	1.658	120.502	1.11	116.015	1.545	123.672	1.212	181.4	6.148	-2	-120	110	10	10	-12	11	
-120	-110	140	150	118	-115.7	2.875	144.3	2.827	1.33	0.012	1.456	0.013	1.534	0.017	1.524	0.013	1.234	0.014	122.952	1.453	111.031	2.022	109.618	1.574	109.518	1.962	121.108	1.076	116.021	1.752	123.516	1.164	174.2	7.556	-0	-120	140	10	10	-12	14	
-120	-110	100	110	45	-115.1	3.141	105.7	3.054	1.33	0.015	1.463	0.013	1.53	0.015	1.523	0.01	1.237	0.012	123.058	1.678	110.484	1.614	107.222	1.799	111.613	1.608	120.487	1.224	115.942	1.444	123.66	1.13	183.8	6.346	-3	-120	100	10	10	-12	10	
-120	-110	-10	0	30	-113.9	2.513	-5.2	2.958	1.329	0.018	1.452	0.013	1.537	0.013	1.518	0.014	1.236	0.016	122.423	1.549	110.743	1.239	114.167	1.255	109.543	1.642	119.123	1.274	117.133	1.516	122.953	1.364	182.2	6.324	4	-120	-10	10	10	-12	-1	
-120	-110	-30	-20	19	-115.2	3.469	-24.2	2.408	1.337	0.011	1.45	0.009	1.539	0.01	1.517	0.012	1.235	0.011	122.105	1.545	111.332	0.992	114.3	1.264	108.232	1.634	118.789	1.243	117.195	1.829	122.874	1.232	188.7	3.349	4	-120	-30	10	10	-12	-3	
-120	-110	-20	-10	28	-114	2.968	-15.4	2.863	1.335	0.016	1.453	0.009	1.539	0.012	1.524	0.013	1.237	0.01	121.914	1.591	111.132	1.85	114.504	1.206	108.732	1.937	118.675	0.945	117.261	1.508	123.089	1.392	183.2	7.126	5	-120	-20	10	10	-12	-2	
-120	-110	0	10	32	-114.8	2.716	5	2.95	1.328	0.01	1.457	0.013	1.538	0.014	1.518	0.012	1.241	0.013	122.256	1.923	110.678	1.738	113.203	1.434	110.353	1.88	118.991	1.087	116.706	2.423	123.406	1.647	181.9	6.023	3	-120	0	10	10	-12	0	
-120	-110	-60	-50	16	-114	2.856	-55.2	2.836	1.33	0.017	1.458	0.011	1.535	0.009	1.525	0.012	1.232	0.007	122.912	1.432	110.9	1.697	111.956	1.106	111.106	1.346	120.213	1.343	116.994	1.486	123.288	0.738	184.6	5.856	2	-120	-60	10	10	-12	-6	
-120	-110	170	180	15	-115.5	3.894	175.4	2.861	1.327	0.014	1.459	0.021	1.526	0.011	1.522	0.013	1.229	0.016	123.547	1.832	110.407	1.267	109.867	1.537	111.813	1.957	121.507	0.884	115.973	1.88	123.393	1.505	180.1	5.879	-0	-120	170	10	10	-12	17	
-120	-110	-160	-150	2	-115.1	4.893	-156.2	4.023	1.334	0.018	1.448	0.029	1.526	0.002	1.53	0.014	1.233	0.027	123.05	3.606	109	1.556	108.75	2.758	114.5	1.131	120	1.838	117.4	3.818	122.85	1.626	179.2	0.057	-1	-120	-160	10	10	-12	-16	
-120	-110	90	100	20	-114.1	2.807	95.6	2.93	1.325	0.016	1.454	0.018	1.53	0.012	1.525	0.014	1.231	0.011	122.835	1.693	111.9	1.578	107.485	1.86	111.06	1.894	121.33	1.247	116.585	1.531	123.37	1.265	182.2	5.448	-3	-120	90	10	10	-12	9	
-120	-110	-40	-30	8	-111.8	1.579	-33.5	2.485	1.326	0.014	1.464	0.008	1.529	0.019	1.515	0.012	1.228	0.019	122.163	0.89	111.113	2.681	113.3	1.345	109.575	1.901	119.388	0.792	117.163	1.368	122.8	0.78	182.7	6.701	3	-120	-40	10	10	-12	-4	
-120	-110	30	40	10	-114.7	2.673	33.3	2.716	1.329	0.014	1.459	0.01	1.524	0.013	1.532	0.011	1.233	0.014	123.52	1.644	111.6	1.327	111.7	2.131	111.48	1.402	121.63	0.742	117.08	1.934	122.59	1.337	179.1	7.881	2	-120	30	10	10	-12	3	
-120	-110	80	90	5	-115.7	3.699	84.5	1.545	1.334	0.01	1.466	0.005	1.571	0.099	1.525	0.013	1.235	0.014	123.68	1.724	108.78	4.334	106.9	1.789	111.7	1.118	121.58	0.63	116.2	1.938	123.18	0.798	190.4	9.727	-3	-120	80	10	10	-12	8	
-120	-110	-170	-160	1	-119.8	0	-162	0	1.33	0	1.458	0	1.536	0	1.532	0	1.241	0	123.9	0	110.4	0	108.6	0	115.6	0	121	0	114.3	0	124.4	0	186.5	0	-1	-120	-170	10	10	-12	-17	
-120	-110	-70	-60	4	-113.3	3.432	-63.9	3.405	1.331	0.01	1.46	0.006	1.525	0.015	1.518	0.016	1.245	0.016	121.95	1.079	112.4	1.824	109.775	1.957	111.975	1.592	119.4	1.227	118.7	1.299	122.575	1.315	183.3	5.636	-0	-120	-70	10	10	-12	-7	
-120	-110	-50	-40	9	-114.6	3.013	-44.6	2.987	1.333	0.01	1.455	0.012	1.535	0.017	1.517	0.009	1.241	0.017	123.856	0.934	110.667	1.422	113.011	1.47	109.633	1.666	120.3	0.929	117.944	1.096	122.689	0.992	184.2	4.676	3	-120	-50	10	10	-12	-5	
-120	-110	40	50	3	-115.4	1.801	40.5	0.305	1.33	0.01	1.457	0.017	1.532	0.006	1.527	0.004	1.227	0.014	123.8	1.353	110	0.4	112.433	2.157	110.4	2.972	121.467	0.404	117.1	2.524	123.1	1.114	176.5	7.71	2	-120	40	10	10	-12	4	
-120	-110	-180	-170	5	-114.2	1.821	-175.2	2.396	1.323	0.018	1.452	0.01	1.524	0.018	1.529	0.015	1.238	0.015	123.42	2.699	110.82	2.146	110.32	1.445	112.46	1.67	121.38	1.035	117.38	1.512	122.62	1.341	185.1	9.249	0	-120	-180	10	10	-12	-18	
-120	-110	70	80	2	-116	3.521	73.7	0.141	1.333	0.02	1.461	0.005	1.534	0.003	1.528	0	1.234	0.011	122.3	2.687	111.85	3.182	109.15	0.919	112.1	0.283	121.85	0.354	118.75	3.465	121.8	2.121	185.8	4.045	-1	-120	70	10	10	-12	7	
-120	-110	-100	-90	1	-113.9	0	-95.5	0	1.337	0	1.426	0	1.532	0	1.517	0	1.24	0	119.7	0	114.9	0	106.3	0	111.8	0	119.4	0	116.9	0	124.1	0	182.6	0	-4	-120	-100	10	10	-12	-10	
-120	-110	-150	-140	1	-114	0	-144.7	0	1.331	0	1.465	0	1.522	0	1.514	0	1.248	0	123.5	0	109.5	0	108.6	0	115.7	0	120.1	0	115.3	0	125.2	0	173.6	0	-1	-120	-150	10	10	-12	-15	
-120	-110	60	70	1	-119.2	0	69.7	0	1.318	0	1.438	0	1.557	0	1.509	0	1.269	0	122.8	0	111	0	109.2	0	109.6	0	119.5	0	116.8	0	125	0	181.3	0	-1	-120	60	10	10	-12	6	
-120	-110	-140	-130	2	-114.2	3.776	-136.9	2.001	1.321	0.016	1.451	0.008	1.54	0.017	1.524	0.017	1.215	0.016	123.6	0.99	111.5	0.566	108.5	0	117.15	0.495	119.65	1.202	115.55	1.202	122.4	0.566	188.3	7.75	-2	-120	-140	10	10	-12	-14	
-120	-110	-110	-100	2	-113	0.014	-102.9	0.898	1.338	0.024	1.46	0.003	1.525	0.006	1.518	0.006	1.239	0.014	123.5	0.99	110.75	0.778	107.1	0.566	117.4	1.838	119.5	0.424	116.1	1.414	123.05	2.051	181.4	3.451	-3	-120	-110	10	10	-12	-11	
-120	-110	50	60	1	-117.4	0	59.7	0	1.332	0	1.479	0	1.534	0	1.522	0	1.221	0	124.8	0	110.9	0	112	0	110.5	0	122	0	118.1	0	123.4	0	178.5	0	2	-120	50	10	10	-12	5	
-150	-140	40	50	3	-146.2	0.924	43.1	1.483	1.33	0.017	1.452	0.012	1.535	0.008	1.529	0.016	1.237	0.006	120.133	0.603	112.4	0.436	109.667	0.651	111.1	1.646	121.567	0.058	118.4	2.193	123.667	0.643	182.3	11.763	-0	-150	40	10	10	-15	4	
-150	-140	160	170	75	-145.5	2.688	164.2	2.62	1.331	0.01	1.453	0.013	1.536	0.018	1.52	0.013	1.235	0.014	121.983	1.576	111.723	1.332	109.281	1.492	110.637	2.525	121.343	0.973	116.351	1.536	122.893	1.191	174.9	7.655	-1	-150	160	10	10	-15	16	
-150	-140	150	160	118	-144.3	2.648	155.1	2.794	1.332	0.013	1.454	0.013	1.539	0.018	1.523	0.013	1.235	0.012	121.919	1.701	111.867	1.958	109.054	1.432	109.756	2.372	121.258	1.176	116.211	1.384	123.043	0.966	173.9	7.036	-1	-150	150	10	10	-15	15	
-150	-140	130	140	58	-144.4	3.065	134.9	2.706	1.327	0.012	1.457	0.011	1.535	0.017	1.519	0.013	1.234	0.01	121.907	2.03	110.69	2.032	108.49	2.019	109.891	1.967	120.079	1.568	116.533	1.835	123.064	1.151	176.2	6.005	-2	-150	130	10	10	-15	13	
-150	-140	170	180	41	-145.2	3	173.7	2.686	1.331	0.016	1.456	0.014	1.534	0.018	1.523	0.012	1.237	0.013	122.449	1.588	111.466	1.636	108.832	1.531	111.678	2.834	121.305	1.062	116.359	1.665	122.551	1.473	178.1	7.853	-1	-150	170	10	10	-15	17	
-150	-140	-120	-110	1	-146.3	0	-112.2	0	1.315	0	1.478	0	1.493	0	1.524	0	1.241	0	121.7	0	112.8	0	104	0	116.9	0	119	0	115.1	0	122.6	0	172.8	0	-6	-150	-120	10	10	-15	-12	
-150	-140	140	150	97	-144.4	2.919	145.2	2.936	1.33	0.013	1.454	0.014	1.534	0.018	1.521	0.013	1.234	0.012	122.421	1.886	111.137	1.795	108.723	1.638	109.966	2.487	120.561	1.184	116.212	2.015	122.937	1.24	173.9	6.515	-1	-150	140	10	10	-15	14	
-150	-140	110	120	17	-144.2	3.272	115.3	2.483	1.332	0.013	1.462	0.01	1.529	0.014	1.52	0.011	1.234	0.015	121.641	1.743	111.382	1.364	107.318	1.401	110.218	1.42	120.147	1.611	116.341	1.742	123.241	1.364	182.2	5.201	-3	-150	110	10	10	-15	11	
-150	-140	70	80	4	-143.5	2.485	74.2	3.621	1.343	0.013	1.446	0.033	1.538	0.011	1.538	0.008	1.218	0.027	124.325	0.699	111.05	1.888	107.825	3.174	111.4	1.314	122.225	4.168	114.125	1.717	123.625	1.372	188.7	6.975	-2	-150	70	10	10	-15	7	
-150	-140	80	90	2	-146.6	2.652	82.3	3.161	1.345	0.013	1.471	0.003	1.529	0.004	1.529	0.019	1.236	0.004	119.05	0.212	113.7	0.566	108.45	0.636	110.6	0.566	122.65	1.202	115.55	0.212	122.9	0.424	183	6.866	-2	-150	80	10	10	-15	8	
-150	-140	0	10	5	-143.1	1.79	4.1	3.387	1.331	0.035	1.454	0.021	1.534	0.025	1.515	0.009	1.236	0.014	121.16	1.006	111.08	2.657	115.24	1.346	111.42	1.178	118.32	0.698	117.84	2.246	121.82	3.114	184.6	5.511	5	-150	0	10	10	-15	0	
-150	-140	120	130	29	-144.2	3.065	125.3	3.291	1.334	0.013	1.461	0.013	1.536	0.02	1.518	0.008	1.234	0.009	121.883	1.352	110.328	1.985	108.355	1.489	110.286	1.318	120.231	1.329	115.331	1.704	123.61	1.037	176	5.374	-2	-150	120	10	10	-15	12	
-150	-140	30	40	1	-142.2	0	34.6	0	1.345	0	1.455	0	1.53	0	1.497	0	1.254	0	123.7	0	111.3	0	110.5	0	111.3	0	119.1	0	115.4	0	120.1	0	170.1	0	1	-150	30	10	10	-15	3	
-150	-140	-180	-170	15	-143.9	2.286	-174.8	2.849	1.328	0.011	1.46	0.017	1.537	0.011	1.528	0.016	1.233	0.013	122.387	1.863	110.467	2.061	108.207	1.064	113.22	2.073	121.167	0.791	115.787	1.521	122.967	1.283	179.9	7.325	-2	-150	-180	10	10	-15	-18	
-150	-140	-30	-20	4	-141	1.539	-25.2	3.12	1.338	0.019	1.46	0.01	1.534	0.022	1.524	0.006	1.235	0.006	121.45	1.819	111.575	0.562	114.7	1.169	109.15	1.52	118.425	1.455	115.6	1.506	123.025	1.276	189.7	4.034	5	-150	-30	10	10	-15	-3	
-150	-140	20	30	3	-144.5	1.221	24.3	4.785	1.345	0.02	1.45	0.013	1.561	0.043	1.533	0.009	1.231	0.005	121.067	1.429	109.867	3.707	113.433	1.531	106.7	3.966	120.267	1.55	115.833	1.677	123.3	0.361	176.9	8.097	3	-150	20	10	10	-15	2	
-150	-140	-140	-130	1	-143.4	0	-131.8	0	1.317	0	1.454	0	1.552	0	1.478	0	0	0	122.7	0	111.7	0	113.3	0	113.2	0	0	0	117.5	0	122.7	0	184.9	0	3	-150	-140	10	10	-15	-14	
-150	-140	100	110	5	-143.5	3.309	104.7	2.213	1.34	0.02	1.464	0.016	1.527	0.012	1.525	0.005	1.243	0.015	121.22	1.704	112.14	0.876	106.06	1.422	111.58	1.119	120.38	0.726	116.04	1.834	123.02	0.497	184.2	5.225	-4	-150	100	10	10	-15	10	
-150	-140	-170	-160	4	-143.5	4.357	-164.7	3.909	1.324	0.007	1.469	0.012	1.534	0.02	1.522	0.006	1.234	0.013	122.2	0.883	110.725	0.914	107.375	0.862	115.4	0.356	120.75	0.943	116.725	1.493	122.875	1.367	184.9	5.688	-3	-150	-170	10	10	-15	-17	
-150	-140	-10	0	1	-140.8	0	-2.7	0	1.345	0	1.445	0	1.519	0	1.528	0	1.233	0	121.2	0	110.9	0	114.9	0	110.9	0	119.5	0	119.1	0	122.2	0	186.8	0	5	-150	-10	10	10	-15	-1	
-150	-140	10	20	3	-144.9	1.023	14.1	1.438	1.346	0.009	1.458	0.011	1.522	0.018	1.529	0.014	1.241	0.013	119.967	0.569	111.133	0.808	112.7	1.682	110.333	0.643	118.433	0.153	115.4	0.954	122.833	0.681	181.1	0.301	3	-150	10	10	10	-15	1	
-150	-140	-80	-70	1	-140.9	0	-73.6	0	1.34	0	1.458	0	1.514	0	1.545	0	1.239	0	122.3	0	111.6	0	107.5	0	113.3	0	119.1	0	114.2	0	123.4	0	172.6	0	-3	-150	-80	10	10	-15	-8	
-150	-140	50	60	2	-145.3	0.785	57.5	2.482	1.326	0.002	1.451	0.026	1.525	0	1.529	0.006	1.22	0.013	122.95	1.768	108.9	0.707	110.3	3.394	113.95	2.051	123	0.566	118.2	0.849	122.05	1.202	186.5	18.71	0	-150	50	10	10	-15	5	
-150	-140	-20	-10	1	-144	0	-11.6	0	1.317	0	1.474	0	1.502	0	1.496	0	1.214	0	115.9	0	115.6	0	113.9	0	111.1	0	116.7	0	118.1	0	123.5	0	177.6	0	4	-150	-20	10	10	-15	-2	
-150	-140	90	100	3	-144.3	0.716	96.8	3.25	1.33	0.022	1.465	0.012	1.517	0.017	1.528	0.013	1.226	0.012	123.067	2.25	111.033	3.444	105.267	1.498	112.133	1.305	120.533	1.168	115.933	0.751	124.167	1.115	187.8	7.352	-5	-150	90	10	10	-15	9	
-160	-150	60	70	3	-153.1	1.944	62.9	3.796	1.322	0.013	1.461	0.005	1.526	0.004	1.527	0.015	1.236	0.023	123.433	3.731	111.1	2.524	108.133	1.914	112.033	1.818	121.833	0.493	119.067	2.967	120.267	4.646	183.6	7.522	-2	-160	60	10	10	-16	6	
-160	-150	160	170	89	-155.3	2.807	164.6	2.742	1.33	0.014	1.458	0.011	1.531	0.021	1.521	0.012	1.23	0.014	121.338	1.913	111.578	1.509	108.894	1.552	111.17	1.986	121.53	1.101	116.525	1.887	122.667	1.236	175.8	6.095	-1	-160	160	10	10	-16	16	
-160	-150	140	150	45	-155.4	2.723	145.8	2.845	1.33	0.014	1.456	0.012	1.537	0.018	1.522	0.014	1.232	0.014	121.651	1.521	110.782	1.828	108.289	1.873	110.653	1.56	120.587	1.118	116.598	1.653	122.804	1.046	173.4	5.299	-2	-160	140	10	10	-16	14	
-160	-150	150	160	88	-154.3	2.747	155.4	3.036	1.333	0.011	1.456	0.012	1.532	0.018	1.519	0.012	1.234	0.012	121.334	1.801	111.747	1.979	108.992	1.53	110.453	2.048	121.159	1.062	116.178	2.069	122.822	1.621	174.9	7.632	-1	-160	150	10	10	-16	15	
-160	-150	100	110	6	-153.2	1.953	107.4	2.982	1.332	0.013	1.458	0.01	1.524	0.014	1.524	0.012	1.235	0.014	121.717	0.911	110.083	0.945	107.183	1.211	111.467	1.568	119.833	1.102	115.8	0.71	123.5	0.494	180.7	4.984	-3	-160	100	10	10	-16	10	
-160	-150	170	180	41	-155.9	2.796	174.9	3.158	1.329	0.011	1.454	0.011	1.532	0.013	1.527	0.012	1.234	0.011	122.171	1.635	111.012	1.414	108.444	1.115	111.99	1.875	121.212	1.122	116.283	1.317	122.654	1.013	180.3	7.624	-2	-160	170	10	10	-16	17	
-160	-150	90	100	4	-155.1	3.353	99	0.893	1.342	0.014	1.467	0.018	1.522	0.009	1.53	0.009	1.235	0.011	121.55	2.33	110.85	1.926	107.775	0.846	111.45	0.933	119.8	0.966	118.075	2.729	122.5	1.364	184.6	6.941	-2	-160	90	10	10	-16	9	
-160	-150	120	130	11	-155	2.957	126	2.709	1.339	0.017	1.459	0.008	1.527	0.022	1.518	0.012	1.24	0.006	120.827	1.468	110.9	1.801	108.364	1.694	110.318	0.901	120.173	0.905	116.436	2.502	123.136	1.102	179.3	4.935	-2	-160	120	10	10	-16	12	
-160	-150	10	20	1	-152.6	0	15.8	0	1.36	0	1.454	0	1.536	0	1.53	0	1.232	0	118	0	112.2	0	115.3	0	112.6	0	118	0	116.7	0	124	0	172.1	0	5	-160	10	10	10	-16	1	
-160	-150	130	140	32	-155.2	2.808	135.5	2.666	1.332	0.01	1.455	0.015	1.536	0.015	1.523	0.012	1.234	0.012	121.922	1.267	111.066	1.748	108.434	1.369	109.731	2.108	120.466	1.082	116.95	2.048	122.681	1.14	175.1	5.848	-2	-160	130	10	10	-16	13	
-160	-150	-160	-150	1	-155.9	0	-155.2	0	1.319	0	1.461	0	1.532	0	1.522	0	1.237	0	123	0	109.4	0	108.1	0	116.6	0	120	0	115.3	0	124.7	0	182.2	0	-2	-160	-160	10	10	-16	-16	
-160	-150	80	90	1	-156.4	0	89.6	0	1.33	0	1.45	0	1.512	0	1.546	0	1.228	0	121.2	0	111.6	0	108.9	0	110.3	0	122	0	117.4	0	123.1	0	181.1	0	-1	-160	80	10	10	-16	8	
-160	-150	40	50	2	-155.6	4.632	48.1	0.636	1.335	0.007	1.466	0.012	1.529	0.007	1.525	0.015	1.238	0.008	122.2	0.99	110.3	1.838	108.4	2.263	112.3	1.273	120.45	1.202	115.55	1.061	123.35	0.778	179.3	8.556	-2	-160	40	10	10	-16	4	
-160	-150	-170	-160	6	-156.3	2.663	-166.7	2.4	1.329	0.008	1.454	0.02	1.538	0.016	1.526	0.019	1.237	0.006	122.267	2.818	110.133	1.858	108.467	1.88	114.133	2.054	120.6	1.284	116.75	1.097	122.7	1.028	179.1	7.415	-2	-160	-170	10	10	-16	-17	
-160	-150	-180	-170	10	-155.2	3.341	-175.3	1.885	1.331	0.009	1.456	0.018	1.528	0.012	1.528	0.022	1.235	0.008	122.07	1.26	110.49	1.735	108.6	1.76	113.49	2.451	121.16	1.212	116.29	2.718	122.76	1.17	181.2	7.312	-1	-160	-180	10	10	-16	-18	
-160	-150	20	30	1	-156.5	0	26	0	1.359	0	1.48	0	1.518	0	1.521	0	1.239	0	121.6	0	109.9	0	111.2	0	113.5	0	118.8	0	116.3	0	122.8	0	177.8	0	1	-160	20	10	10	-16	2	
-160	-150	-70	-60	2	-151.1	0.283	-64	5.028	1.336	0.002	1.454	0.005	1.544	0.001	1.525	0.018	1.236	0.004	119.25	0.495	109.55	1.202	112.25	1.202	112.45	0.212	120.8	0.99	117.1	1.273	122.05	0.778	185.9	0.771	2	-160	-70	10	10	-16	-7	
-160	-150	-120	-110	1	-150.4	0	-119.5	0	1.317	0	1.488	0	1.52	0	1.533	0	1.238	0	122.9	0	111.6	0	105	0	117.1	0	119.6	0	117.5	0	124	0	187.5	0	-5	-160	-120	10	10	-16	-12	
-160	-150	110	120	5	-155.2	3.733	115	1.279	1.321	0.014	1.461	0.013	1.516	0.017	1.521	0.013	1.225	0.005	120.28	1.788	110.24	1.479	108.74	1.806	110.48	1.781	120.22	1.295	116.14	1.189	123.86	1.692	185.4	3.593	-1	-160	110	10	10	-16	11	
-160	-150	-80	-70	2	-153.2	3.147	-76.6	0.976	1.336	0.006	1.465	0.011	1.518	0.002	1.503	0.002	1.234	0.042	119.15	2.758	112.6	1.273	109	1.273	114.5	1.414	121.45	0.919	116.85	4.313	122.5	1.131	187	5.749	-1	-160	-80	10	10	-16	-8	
-160	-150	70	80	1	-152.7	0	76	0	1.33	0	1.474	0	1.519	0	1.526	0	1.245	0	119.7	0	115	0	107.1	0	114.3	0	123.4	0	117.1	0	122.5	0	184.5	0	-3	-160	70	10	10	-16	7	
-160	-150	-50	-40	1	-155.2	0	-42	0	1.324	0	1.469	0	1.55	0	1.506	0	1.226	0	119.3	0	109.3	0	114.3	0	107.2	0	119.9	0	116.7	0	122.6	0	184.2	0	4	-160	-50	10	10	-16	-5	
-160	-150	-90	-80	1	-159.6	0	-80.2	0	1.342	0	1.468	0	1.524	0	1.508	0	1.245	0	120.3	0	112	0	108.3	0	114	0	122	0	114.9	0	123.9	0	178.3	0	-2	-160	-90	10	10	-16	-9	
-130	-120	-20	-10	16	-123.5	3.004	-14.9	2.831	1.335	0.013	1.461	0.014	1.544	0.016	1.517	0.015	1.246	0.012	122.431	1.017	111.55	0.823	114.188	1.245	109.575	1.625	118.781	0.84	116.581	1.516	122.563	1.832	181.9	5.764	4	-130	-20	10	10	-13	-2	
-130	-120	140	150	129	-124.9	2.834	145.2	2.784	1.33	0.015	1.457	0.013	1.541	0.034	1.521	0.012	1.237	0.011	122.834	1.426	111.019	1.965	109.35	1.65	109.643	2.006	120.918	1.283	116.174	1.687	123.462	1.021	174.9	6.696	-1	-130	140	10	10	-13	14	
-130	-120	100	110	39	-124.1	2.845	105.9	2.853	1.331	0.015	1.463	0.012	1.524	0.013	1.528	0.013	1.236	0.014	123.182	1.312	111.538	1.474	107.487	2.216	111.187	1.588	120.469	1.093	116.069	1.575	123.567	1.013	180.6	7.384	-3	-130	100	10	10	-13	10	
-130	-120	130	140	157	-125.2	2.849	135.1	2.971	1.329	0.015	1.456	0.013	1.534	0.026	1.521	0.012	1.235	0.012	123.192	1.604	111.043	2.007	108.804	1.725	109.808	1.916	120.442	1.092	116.068	1.576	123.402	1.133	175.3	6.928	-1	-130	130	10	10	-13	13	
-130	-120	110	120	77	-124.2	2.482	116.1	2.654	1.332	0.013	1.458	0.013	1.535	0.016	1.52	0.012	1.237	0.011	123.094	1.476	111.31	1.396	107.842	1.823	110.675	1.129	120.269	0.865	115.874	1.739	123.43	0.933	180	6.385	-2	-130	110	10	10	-13	11	
-130	-120	160	170	58	-125.1	2.849	163.7	2.421	1.329	0.014	1.453	0.011	1.539	0.016	1.522	0.013	1.234	0.012	123.081	1.744	111.826	1.693	109.652	1.62	110.184	1.825	121.869	1.343	116.028	1.649	123.391	1.108	175.2	6.774	-0	-130	160	10	10	-13	16	
-130	-120	170	180	20	-126.8	2.91	173.2	2.5	1.328	0.012	1.454	0.014	1.54	0.015	1.527	0.015	1.234	0.016	123.29	1.663	111.22	1.413	109.7	1.15	111.17	2.037	121.2	1.279	116.25	1.666	123.37	0.856	178	8.763	-0	-130	170	10	10	-13	17	
-130	-120	150	160	109	-125.6	2.765	154.3	2.992	1.332	0.017	1.453	0.013	1.539	0.018	1.523	0.012	1.235	0.014	122.458	1.789	111.64	1.679	109.742	1.647	109.617	2.009	121.385	1.29	116	1.875	123.413	1.255	173.9	7.188	-0	-130	150	10	10	-13	15	
-130	-120	120	130	181	-124.8	2.969	125.3	2.924	1.33	0.014	1.458	0.012	1.535	0.013	1.522	0.013	1.237	0.01	122.957	1.378	111.206	1.378	108.176	1.466	110.166	1.53	120.164	1.016	115.849	1.494	123.56	1.185	178	5.356	-2	-130	120	10	10	-13	12	
-130	-120	20	30	20	-125	2.374	24.7	3.101	1.339	0.012	1.456	0.012	1.532	0.017	1.526	0.011	1.23	0.016	123.205	1.897	111.445	1.499	111.55	1.4	111.34	1.413	120.265	1.661	117.225	1.806	122.375	2.363	179	6.386	2	-130	20	10	10	-13	2	
-130	-120	-180	-170	2	-123.4	0.099	-176.8	2.355	1.323	0.012	1.458	0.004	1.545	0.006	1.541	0.025	1.234	0.016	123.8	0.707	112.75	0.354	109.65	0.354	113.5	1.414	120.85	1.768	116.3	0.707	122.5	0.424	191.8	8.881	-0	-130	-180	10	10	-13	-18	
-130	-120	0	10	19	-124.4	2.723	4.9	3.095	1.332	0.012	1.454	0.014	1.537	0.013	1.526	0.012	1.235	0.013	122.742	1.325	110.768	1.716	113.463	2.055	110.126	1.481	119.342	0.793	116.342	2.208	123.184	1.213	179.3	7.668	3	-130	0	10	10	-13	0	
-130	-120	40	50	6	-126.5	1.842	42.4	1.951	1.332	0.012	1.453	0.009	1.524	0.008	1.517	0.027	1.238	0.018	124.617	0.744	110.767	1.49	110.883	0.508	111.983	1.783	121.717	0.736	116.9	1.035	123	1.133	183.1	7.979	1	-130	40	10	10	-13	4	
-130	-120	90	100	16	-125	2.897	94.7	3.611	1.33	0.014	1.461	0.012	1.532	0.019	1.525	0.014	1.236	0.01	123.781	1.193	111.05	2.221	106.975	2.268	111.644	1.697	120.519	2.572	116.65	1.897	123.225	0.979	185.8	8.113	-3	-130	90	10	10	-13	9	
-130	-120	30	40	13	-124.8	3.18	35.4	3.323	1.332	0.017	1.456	0.013	1.533	0.015	1.524	0.013	1.235	0.017	122.569	1.414	111.731	0.951	110.615	1.19	111.231	1.594	121.438	1.151	116.046	2.285	123.446	0.831	176.6	5.3	1	-130	30	10	10	-13	3	
-130	-120	-60	-50	3	-124	4.745	-54	0.321	1.33	0.018	1.465	0.001	1.55	0.024	1.513	0.022	1.243	0.013	121.8	2.152	109.633	1.457	112.3	1	111.367	1.96	118.967	0.379	117.933	0.551	121.367	1.007	186.7	7.436	2	-130	-60	10	10	-13	-6	
-130	-120	80	90	7	-127	2.923	85.1	2.91	1.331	0.013	1.463	0.015	1.528	0.021	1.525	0.022	1.226	0.012	122.957	2.021	111.3	1.693	107.957	2.188	111.743	1.543	121.857	0.938	116.386	1.925	123.857	1.115	187.2	5.862	-2	-130	80	10	10	-13	8	
-130	-120	-10	0	33	-124.6	2.875	-4.4	3.034	1.336	0.018	1.454	0.016	1.536	0.016	1.522	0.012	1.233	0.012	121.767	1.338	111.455	1.569	113.97	1.237	109.703	1.898	118.948	1.076	116.391	1.388	123.009	1.085	183.4	7.972	4	-130	-10	10	10	-13	-1	
-130	-120	-40	-30	5	-124.1	2.158	-35.2	3.711	1.31	0.034	1.462	0.021	1.547	0.039	1.525	0.014	1.228	0.012	122.16	4.265	110.9	3.954	112.7	1.221	111.28	1.232	120.06	1.955	117.64	2.073	122.04	2.309	177.1	7.327	3	-130	-40	10	10	-13	-4	
-130	-120	-120	-110	2	-123.1	0.849	-114.5	0.014	1.333	0.005	1.458	0.005	1.506	0.018	1.527	0.001	1.223	0.007	122	1.556	111.6	0.99	107.55	2.051	115.9	0.283	118.95	1.061	117.15	0.212	122.55	0.778	184.3	2.701	-2	-130	-120	10	10	-13	-12	
-130	-120	-30	-20	6	-123.5	2.333	-23.6	2.532	1.328	0.018	1.457	0.02	1.536	0.01	1.529	0.017	1.226	0.02	122.067	2.114	110.667	1.537	114.267	1.109	110.767	2.066	118.617	2.303	117.933	2.229	122.633	1.143	187.2	7.568	4	-130	-30	10	10	-13	-3	
-130	-120	10	20	26	-124.1	2.692	15.2	2.667	1.336	0.015	1.457	0.011	1.535	0.012	1.52	0.009	1.237	0.014	122.331	1.483	111.427	1.285	112.465	1.092	110.608	1.588	119.562	1.189	116.946	2.635	123.15	2.28	177.8	6.741	2	-130	10	10	10	-13	1	
-130	-120	-70	-60	2	-123.1	3.323	-67	1.648	1.349	0.001	1.464	0.001	1.524	0.008	1.528	0.011	1.227	0.001	120.95	1.202	109.9	1.414	112.85	0.212	114.3	1.556	118.45	0.354	116.95	0.212	123.1	0.141	186.1	0.46	3	-130	-70	10	10	-13	-7	
-130	-120	-80	-70	1	-120.3	0	-78	0	1.321	0	1.462	0	1.532	0	1.507	0	1.223	0	122.4	0	115.4	0	108.6	0	112	0	119.5	0	115.1	0	123.6	0	171.6	0	-1	-130	-80	10	10	-13	-8	
-130	-120	50	60	2	-126.3	4.207	54.5	2.029	1.345	0.02	1.477	0.019	1.516	0.051	1.526	0.024	1.229	0.006	122.75	2.051	114	7.354	109.5	1.131	113.1	6.93	123.7	1.556	117.35	1.626	121.35	2.899	172.6	23.787	-1	-130	50	10	10	-13	5	
-130	-120	-50	-40	5	-123	1.855	-44.6	2.82	1.342	0.008	1.461	0.01	1.55	0.019	1.512	0.006	1.241	0.01	121.72	1.234	110.76	0.313	113.14	1.656	110.38	1.13	119.44	0.799	116.72	2.058	122.92	1.089	182.2	6.994	3	-130	-50	10	10	-13	-5	
-130	-120	70	80	3	-124.2	3.066	74	3.726	1.321	0.001	1.464	0.016	1.531	0.009	1.538	0.013	1.228	0.018	124.033	0.839	111.4	0.656	107.467	0.814	111.8	1.277	118.933	2.779	116.3	1.97	123.767	1.704	189.7	4.635	-3	-130	70	10	10	-13	7	
-130	-120	60	70	3	-127.2	1.894	66.9	4.716	1.327	0.013	1.464	0.008	1.521	0.018	1.533	0.016	1.235	0.006	122.133	1.93	110.9	1.513	108.967	0.321	112.3	0.917	122.2	1.735	116.967	3.873	123.4	1.058	188	3.35	-1	-130	60	10	10	-13	6	
-130	-120	-170	-160	1	-127.2	0	-161.3	0	1.32	0	1.463	0	1.535	0	1.527	0	1.249	0	121.4	0	107.2	0	112.2	0	114	0	121.2	0	118.8	0	122.9	0	182.5	0	2	-130	-170	10	10	-13	-17	
-130	-120	-130	-120	1	-124.1	0	-124.2	0	1.359	0	1.454	0	1.542	0	1.52	0	1.23	0	119.8	0	113	0	110.1	0	118.7	0	120.6	0	119.3	0	121.4	0	178.2	0	0	-130	-130	10	10	-13	-13	
-130	-120	-100	-90	1	-120.1	0	-97.6	0	1.33	0	1.455	0	1.556	0	1.525	0	1.228	0	121.4	0	110.3	0	110.2	0	114.2	0	120.3	0	117.7	0	122.2	0	175.3	0	0	-130	-100	10	10	-13	-10	
40	50	50	60	9	46.9	2.945	54	3.036	1.325	0.01	1.454	0.009	1.53	0.017	1.52	0.017	1.231	0.007	123.389	1.182	112.022	1.371	111.344	1.789	112.056	1.81	122.6	0.865	117.022	2.488	122.7	0.865	181.5	7.241	1	40	50	10	10	4	5	
40	50	40	50	20	48.4	1.255	45.1	3.278	1.328	0.012	1.461	0.014	1.524	0.016	1.525	0.013	1.235	0.012	122.485	1.355	111.02	1.292	111.125	1.29	112.17	1.426	121.89	1.271	117.16	1.883	122.605	1.534	176.8	4.793	1	40	40	10	10	4	4	
40	50	60	70	1	42.4	0	60.5	0	1.307	0	1.467	0	1.506	0	1.527	0	1.223	0	122.2	0	112.5	0	109.1	0	111.2	0	122.6	0	118	0	123.5	0	185.8	0	-1	40	60	10	10	4	6	
40	50	-140	-130	1	49.8	0	-139.1	0	1.314	0	1.458	0	1.51	0	1.543	0	1.227	0	122.7	0	112.3	0	109.1	0	116.4	0	119.1	0	117.1	0	123	0	186.5	0	-1	40	-140	10	10	4	-14	
-100	-90	-30	-20	41	-94.8	2.771	-25.4	2.914	1.33	0.013	1.456	0.013	1.534	0.017	1.522	0.016	1.239	0.014	121.732	1.843	110.254	1.628	113.829	1.519	109.293	1.942	119.217	1.293	116.666	1.763	122.72	1.354	182.3	6.346	4	-100	-30	10	10	-10	-3	
-100	-90	120	130	139	-95.1	2.825	124.7	3.064	1.329	0.014	1.457	0.012	1.532	0.013	1.523	0.012	1.238	0.013	122.417	1.227	110.561	1.639	108.904	1.632	109.979	1.55	120.35	1.104	116.181	1.463	123.274	1.038	179.4	5.831	-1	-100	120	10	10	-10	12	
-100	-90	110	120	81	-95.4	2.92	115.2	3.222	1.33	0.015	1.458	0.013	1.528	0.014	1.526	0.012	1.235	0.011	122.826	1.13	110.68	1.402	108.305	1.68	110.791	1.586	120.472	1.052	116.338	1.627	123.244	1.171	181.9	6.622	-2	-100	110	10	10	-10	11	
-100	-90	100	110	54	-94.5	2.866	106	2.83	1.332	0.011	1.46	0.012	1.529	0.012	1.525	0.011	1.234	0.012	122.828	1.218	110.426	1.545	107.819	1.522	111.198	1.888	120.756	1.102	116.044	1.372	122.978	1.101	185.8	5.642	-2	-100	100	10	10	-10	10	
-100	-90	0	10	96	-94.9	3.062	4	2.764	1.332	0.015	1.457	0.015	1.53	0.018	1.521	0.015	1.237	0.014	122.362	1.585	110.566	1.559	113.166	1.375	110.22	1.691	119.507	1.235	117.296	1.748	122.786	1.271	180.2	5.657	3	-100	0	10	10	-10	0	
-100	-90	-20	-10	47	-94.9	2.768	-14.3	3.063	1.333	0.016	1.456	0.013	1.535	0.018	1.522	0.015	1.237	0.016	121.709	1.512	110.677	1.535	113.474	0.959	109.268	1.667	119.14	1.205	117.16	1.437	122.611	1.205	184.5	5.375	3	-100	-20	10	10	-10	-2	
-100	-90	90	100	20	-94.8	2.592	95.7	3.071	1.328	0.015	1.466	0.012	1.524	0.011	1.521	0.01	1.234	0.014	122.44	1.824	111.165	2.143	106.79	2.042	112.65	1.916	121.285	1.283	116.26	2.015	122.905	1.874	184.6	7.255	-3	-100	90	10	10	-10	9	
-100	-90	130	140	103	-95	2.715	134.6	2.904	1.33	0.014	1.456	0.015	1.532	0.014	1.521	0.014	1.236	0.012	122.621	1.382	110.248	1.708	109.417	1.844	110.006	1.743	120.68	1.114	116.154	1.499	122.997	1.005	177.2	6.417	-1	-100	130	10	10	-10	13	
-100	-90	150	160	50	-95.2	2.781	154.7	2.846	1.326	0.016	1.454	0.012	1.532	0.016	1.526	0.015	1.233	0.012	123.192	2.377	110.572	1.73	110.416	1.988	109.946	1.837	121.656	1.181	116.44	2.028	123.07	1.277	174.4	6.534	0	-100	150	10	10	-10	15	
-100	-90	10	20	51	-95.5	2.613	13.6	2.953	1.331	0.011	1.456	0.013	1.529	0.013	1.527	0.017	1.235	0.011	122.59	1.578	110.376	1.395	112.6	1.024	110.673	1.83	119.198	1.299	117.249	1.637	122.969	1.325	177.5	5.715	3	-100	10	10	10	-10	1	
-100	-90	-10	0	106	-94.3	2.636	-4.6	2.829	1.33	0.016	1.454	0.014	1.533	0.02	1.523	0.014	1.234	0.014	122.819	2.015	110.359	1.565	113.227	1.271	109.901	1.447	119.143	1.088	117.713	2.002	122.599	1.402	181.2	5.667	3	-100	-10	10	10	-10	-1	
-100	-90	140	150	84	-94.9	3.119	144.7	2.947	1.328	0.025	1.454	0.013	1.532	0.019	1.522	0.012	1.233	0.012	122.161	1.913	110.599	1.878	110.155	1.535	109.777	2.03	121.36	1.291	116.548	1.967	122.823	1.91	175.8	7.154	0	-100	140	10	10	-10	14	
-100	-90	30	40	2	-96.1	1.011	32.9	3.649	1.34	0.001	1.463	0.018	1.52	0.03	1.515	0.028	1.255	0.03	123.05	1.061	111.25	1.061	113.5	0.141	111.9	0	118.95	3.041	117.1	0.141	122.15	1.909	176	1.344	4	-100	30	10	10	-10	3	
-100	-90	160	170	28	-94.2	2.627	164.5	2.611	1.327	0.01	1.457	0.011	1.532	0.02	1.528	0.017	1.233	0.014	122.304	1.251	110.179	1.9	110.646	1.641	109.757	1.768	122.15	1.016	116.032	1.6	123.004	1.466	175.8	6.526	1	-100	160	10	10	-10	16	
-100	-90	-40	-30	24	-95.2	2.54	-34.6	2.96	1.33	0.015	1.458	0.013	1.533	0.018	1.523	0.016	1.236	0.013	122.388	2.469	110.421	1.771	112.925	1.143	109.488	1.696	119.633	1.332	117.287	2.377	122.65	1.414	185.1	6.42	3	-100	-40	10	10	-10	-4	
-100	-90	-50	-40	16	-95.8	2.62	-44.8	2.951	1.336	0.013	1.457	0.012	1.532	0.017	1.526	0.011	1.23	0.013	123.094	1.574	110.306	1.555	111.888	1.044	111.056	1.642	120.65	1.692	117.581	2.325	122.5	1.23	183.8	6.339	2	-100	-50	10	10	-10	-5	
-100	-90	170	180	15	-96	2.225	175	2.799	1.332	0.017	1.448	0.009	1.53	0.011	1.53	0.017	1.229	0.012	122.453	1.809	110.793	1.721	110.12	1.495	111.347	1.96	122.107	1.144	116.307	2.147	122.833	1.284	181.5	4.664	0	-100	170	10	10	-10	17	
-100	-90	40	50	8	-93.6	3.326	46	2.595	1.329	0.008	1.466	0.016	1.523	0.017	1.519	0.017	1.227	0.017	122.125	2.846	109.863	1.577	112.013	1.741	111.263	1.186	120.375	2.124	116.25	1.61	123.05	1.276	179.7	3.932	2	-100	40	10	10	-10	4	
-100	-90	50	60	8	-93.5	3.544	57.4	3.307	1.332	0.013	1.461	0.009	1.525	0.019	1.531	0.01	1.23	0.013	122.85	1.959	110.713	0.863	110.95	0.886	111.475	1.752	122.013	1.013	116.387	0.889	122.487	1.063	180.9	7.423	1	-100	50	10	10	-10	5	
-100	-90	80	90	9	-94.6	2.753	84.7	2.512	1.336	0.017	1.465	0.008	1.532	0.02	1.527	0.011	1.221	0.015	122.289	1.271	110.911	1.888	106.856	1.584	112.478	1.153	122.711	1.099	116.356	2.342	122.311	1.44	186.7	5.43	-3	-100	80	10	10	-10	8	
-100	-90	-60	-50	9	-95.6	2.075	-53.6	2.403	1.332	0.013	1.465	0.022	1.544	0.021	1.524	0.017	1.234	0.009	122.333	1.621	109.933	1.513	112.122	1.338	111.078	1.773	120.667	0.757	116.478	1.406	123.533	1.261	182.7	5.532	2	-100	-60	10	10	-10	-6	
-100	-90	-70	-60	4	-94.7	3.198	-64.8	4.217	1.336	0.018	1.464	0.008	1.534	0.01	1.518	0.013	1.231	0.008	121.825	0.85	110.625	1.42	111.1	1.924	112.875	1.209	119.75	2.457	115.275	2.804	123.375	0.685	178	8.813	1	-100	-70	10	10	-10	-7	
-100	-90	-180	-170	9	-94.8	2.987	-175.6	3.119	1.321	0.017	1.451	0.012	1.532	0.013	1.525	0.011	1.232	0.019	122.367	2.217	110.467	2.201	109.667	1.743	111.589	2.556	121.3	0.811	116.656	1.35	122.878	1.25	180.8	7.906	-0	-100	-180	10	10	-10	-18	
-100	-90	70	80	4	-93.1	2.629	71.9	2.494	1.325	0.021	1.46	0.014	1.52	0.01	1.524	0.011	1.236	0.011	121.05	1.42	110.825	0.922	110.45	1.121	113.475	1.19	123.225	1.315	116.675	2.504	123.925	1.218	181	4.07	0	-100	70	10	10	-10	7	
-100	-90	60	70	8	-93.1	2.075	65.5	3.715	1.322	0.014	1.469	0.016	1.528	0.013	1.526	0.013	1.236	0.03	121.438	1.241	110.275	0.75	109.838	0.872	112.063	1.761	122.538	2.377	117.813	1.362	122.313	0.934	185.6	5.028	-0	-100	60	10	10	-10	6	
-100	-90	20	30	5	-97.9	1.517	21.6	1.072	1.336	0.017	1.45	0.009	1.541	0.01	1.514	0.01	1.251	0.01	124.16	2.575	110.84	1.026	112.86	1.064	111.2	1.679	120.96	1.106	117.48	2.587	122.32	2.008	175.5	5.532	3	-100	20	10	10	-10	2	
-100	-90	-150	-140	1	-94.5	0	-143.9	0	1.332	0	1.442	0	1.562	0	1.533	0	1.25	0	125.3	0	107.9	0	107.8	0	112.9	0	118.6	0	117.8	0	122.2	0	170.9	0	-2	-100	-150	10	10	-10	-15	
-100	-90	-80	-70	2	-96.2	4.568	-74.8	4.016	1.321	0.016	1.477	0.019	1.533	0.031	1.537	0.014	1.233	0.005	123	0.283	111.95	1.344	109.9	2.687	113.05	0.636	120.45	0.636	115.45	1.909	123.95	0.636	173.6	5.317	-0	-100	-80	10	10	-10	-8	
-100	-90	-170	-160	2	-95.9	4.709	-163.8	3.755	1.309	0.02	1.457	0.006	1.528	0.018	1.538	0.003	1.232	0.016	123.4	1.697	110.1	2.687	108.35	0.354	114.2	2.263	122	0.707	118.1	0.99	123.75	0.636	181.5	3.217	-2	-100	-170	10	10	-10	-17	
-110	-100	-60	-50	8	-106.2	2.373	-52.3	1.741	1.336	0.014	1.448	0.018	1.552	0.017	1.526	0.004	1.23	0.016	122.863	1.616	110.637	2.125	112.25	1.034	110.4	1.994	120.625	2.024	117.45	2.12	122.813	1.517	182.8	5.71	2	-110	-60	10	10	-11	-6	
-110	-100	10	20	72	-104.6	3.021	14.2	2.491	1.334	0.011	1.456	0.012	1.53	0.013	1.525	0.013	1.235	0.013	122.743	1.637	110.942	1.443	112.693	1.04	111.215	1.483	119.819	0.908	117.124	1.643	122.953	1.307	176.6	6.184	3	-110	10	10	10	-11	1	
-110	-100	140	150	80	-105.1	2.648	144.5	2.669	1.33	0.015	1.455	0.012	1.533	0.017	1.522	0.011	1.235	0.011	122.823	1.516	110.778	1.792	109.959	1.61	109.236	1.866	121.018	1.136	116.182	1.613	123.146	1.218	175.1	6.762	-0	-110	140	10	10	-11	14	
-110	-100	-30	-20	26	-106.1	2.911	-24.4	3.097	1.335	0.014	1.455	0.013	1.534	0.015	1.522	0.013	1.233	0.012	121.754	2.181	110.742	1.347	114.138	1.533	109.015	1.539	119.169	1.273	116.535	1.29	123.223	0.857	184.5	4.816	4	-110	-30	10	10	-11	-3	
-110	-100	120	130	152	-105.6	2.883	125.5	2.774	1.331	0.013	1.459	0.013	1.532	0.013	1.523	0.013	1.236	0.012	123.095	1.485	110.651	1.212	108.491	1.489	110.439	1.498	120.258	1	116.132	1.474	123.364	1.186	180.1	5.37	-2	-110	120	10	10	-11	12	
-110	-100	130	140	132	-105.2	2.828	134.4	2.972	1.328	0.014	1.457	0.012	1.532	0.014	1.521	0.01	1.237	0.012	123.064	1.212	110.68	1.524	109.357	1.722	109.677	1.765	120.455	1.067	116.158	1.676	123.274	1.028	175.8	6.428	-1	-110	130	10	10	-11	13	
-110	-100	100	110	47	-104.7	2.843	105.6	3	1.33	0.025	1.457	0.014	1.528	0.014	1.527	0.013	1.233	0.012	123.151	1.298	110.845	1.681	107.336	2.062	111.236	1.719	120.702	1.16	116.106	1.487	123.228	1.392	182.6	6.186	-3	-110	100	10	10	-11	10	
-110	-100	160	170	28	-105.4	2.781	163.6	2.543	1.326	0.015	1.454	0.014	1.541	0.016	1.522	0.011	1.239	0.017	122.704	1.449	110.861	1.746	110.393	1.417	109.843	1.485	121.746	1.604	116.593	2.099	123.339	1.306	177.3	6.614	0	-110	160	10	10	-11	16	
-110	-100	90	100	17	-104.6	2.714	95.9	2.797	1.33	0.018	1.466	0.016	1.524	0.011	1.532	0.014	1.231	0.009	123.571	1.711	110.353	1.145	106.847	1.806	111.429	1.265	121.412	1.154	116.041	1.713	123.524	1.331	185.8	5.653	-3	-110	90	10	10	-11	9	
-110	-100	170	180	11	-104.8	3.157	173.6	2.47	1.328	0.008	1.455	0.012	1.535	0.012	1.527	0.011	1.231	0.013	122.645	1.777	110.764	1.483	110.109	1.187	112.155	1.765	122.2	1.274	115.582	1.383	123.045	1.376	177.8	5.864	0	-110	170	10	10	-11	17	
-110	-100	150	160	49	-105.1	2.976	155.3	2.69	1.329	0.015	1.453	0.013	1.531	0.015	1.522	0.012	1.234	0.012	122.951	1.594	110.767	1.482	110.329	1.478	109.9	1.792	121.91	1.167	116.445	1.48	123.192	1.319	176	6.469	0	-110	150	10	10	-11	15	
-110	-100	110	120	82	-105.1	3.107	115.8	2.736	1.329	0.015	1.458	0.012	1.531	0.014	1.523	0.013	1.237	0.011	123.027	1.366	110.871	1.823	107.877	1.665	110.895	1.381	120.7	1.027	116.054	1.575	123.313	1.087	180.2	6.343	-2	-110	110	10	10	-11	11	
-110	-100	0	10	81	-104.4	2.741	5.4	2.875	1.331	0.013	1.456	0.011	1.531	0.017	1.523	0.012	1.233	0.015	122.765	1.419	110.575	1.424	112.967	1.393	110.575	2.007	119.699	1.311	117.353	2.145	122.847	1.471	180.3	5.357	3	-110	0	10	10	-11	0	
-110	-100	-40	-30	15	-103.6	3.175	-34.5	2.675	1.331	0.012	1.462	0.013	1.536	0.012	1.518	0.014	1.233	0.014	122.687	1.491	110.78	1.657	113.613	1.034	109	1.563	119.353	1.082	116.933	1.499	123.327	0.99	185.7	7.768	4	-110	-40	10	10	-11	-4	
-110	-100	20	30	33	-104.9	2.734	23.6	2.69	1.331	0.012	1.457	0.013	1.527	0.016	1.527	0.01	1.232	0.016	122.936	1.522	110.782	2.007	112.206	1.03	111.597	1.641	120.594	1.024	117.482	1.977	122.773	1.29	178.2	6.189	2	-110	20	10	10	-11	2	
-110	-100	-20	-10	28	-104.6	3.043	-14	2.787	1.336	0.011	1.46	0.017	1.54	0.014	1.521	0.012	1.238	0.013	122.075	1.27	110.907	1.294	113.6	1.236	109.414	1.99	118.718	1.025	117.189	1.577	122.832	1.246	181.1	7.197	4	-110	-20	10	10	-11	-2	
-110	-100	60	70	2	-102.4	0.926	64	4.2	1.334	0.008	1.466	0.004	1.527	0.001	1.53	0.003	1.236	0.008	122.75	0.495	109.65	0.071	110.1	1.131	110.75	0.636	121.8	0.424	116.05	0.778	122.95	0.354	188.1	8.21	0	-110	60	10	10	-11	6	
-110	-100	-140	-130	1	-100.4	0	-133.4	0	1.334	0	1.456	0	1.544	0	1.542	0	1.228	0	121.5	0	109.7	0	109.2	0	118.8	0	117.1	0	118	0	123.4	0	191.3	0	-1	-110	-140	10	10	-11	-14	
-110	-100	80	90	7	-103.8	3.382	86.9	1.61	1.332	0.007	1.459	0.017	1.52	0.013	1.523	0.003	1.232	0.014	122.7	0.81	110.986	1.674	107.5	1.78	112.114	1.108	121.929	1.274	116.586	1.173	122.686	0.743	186.4	3.958	-3	-110	80	10	10	-11	8	
-110	-100	-10	0	48	-104.4	3.215	-4.6	3.081	1.334	0.013	1.455	0.014	1.536	0.016	1.519	0.014	1.238	0.013	122.46	1.466	110.629	1.652	113.458	1.418	110.023	1.595	119.319	1.202	117.513	1.437	122.431	1.101	181.8	6.43	3	-110	-10	10	10	-11	-1	
-110	-100	-50	-40	11	-104.6	2.519	-44.2	2.306	1.327	0.007	1.455	0.012	1.539	0.016	1.518	0.008	1.23	0.018	122.673	1.822	110.4	1.746	113.082	2.026	110.318	1.798	120.145	1.007	116.536	1.468	123.7	0.516	182.2	7.069	3	-110	-50	10	10	-11	-5	
-110	-100	30	40	5	-104.6	3.614	34.3	3.324	1.333	0.012	1.464	0.008	1.525	0.01	1.521	0.009	1.235	0.013	123.24	0.723	111.14	1.036	112.46	1.301	110.9	1.002	120.5	1.468	117.16	3.312	122.7	1.402	181.7	8.692	2	-110	30	10	10	-11	3	
-110	-100	-70	-60	1	-109.6	0	-62.8	0	1.331	0	1.464	0	1.514	0	1.533	0	1.209	0	122.3	0	112.3	0	110.6	0	109.8	0	119.8	0	118.1	0	121.8	0	182.1	0	1	-110	-70	10	10	-11	-7	
-110	-100	-180	-170	8	-106.7	1.916	-176.7	1.638	1.331	0.027	1.452	0.014	1.526	0.018	1.526	0.018	1.236	0.015	123.688	2.299	110.75	1.374	109.675	1.614	112.788	1.943	122	2.108	116.35	1.979	122.238	2.265	182.8	8.842	-0	-110	-180	10	10	-11	-18	
-110	-100	50	60	1	-100.9	0	57.2	0	1.308	0	1.476	0	1.549	0	1.519	0	1.227	0	122.2	0	107.8	0	112.8	0	111.6	0	122.7	0	116.2	0	124	0	189.8	0	3	-110	50	10	10	-11	5	
-110	-100	-130	-120	3	-106.2	3.479	-128.4	2.155	1.32	0.01	1.461	0.012	1.519	0.019	1.53	0.002	1.232	0.003	123.633	0.802	109.8	0.173	108.6	1.127	116.267	1.901	118.233	0.404	117.667	0.929	123.033	1.85	187.1	10.029	-1	-110	-130	10	10	-11	-13	
-110	-100	70	80	2	-106.3	3.889	72.8	2.496	1.339	0.012	1.439	0.028	1.538	0.024	1.529	0.004	1.221	0.001	122.4	1.414	109.45	1.485	108.7	2.97	111.85	2.899	123.05	0.354	115.55	0.071	122.75	0.071	192.6	6.421	-1	-110	70	10	10	-11	7	
-110	-100	-100	-90	3	-107	3.406	-94.9	1.876	1.341	0.018	1.458	0.011	1.539	0.014	1.518	0.01	1.254	0.023	121.667	0.289	109.933	0.681	108.967	1.973	115	0.3	119.533	1.185	116.667	2.15	123.8	1.803	181.6	4.032	-1	-110	-100	10	10	-11	-10	
-110	-100	-170	-160	3	-104.8	0.852	-165.4	3.453	1.334	0.015	1.457	0.027	1.554	0.014	1.514	0.022	1.245	0.023	121.567	1.877	107.167	1.193	111.6	0.854	114.367	2.281	120.3	0.854	116.933	1.716	122.667	1.201	185.1	6.675	2	-110	-170	10	10	-11	-17	
-110	-100	-160	-150	1	-107.5	0	-157.3	0	1.343	0	1.466	0	1.51	0	1.545	0	1.251	0	126.6	0	110	0	108.7	0	114.8	0	120.4	0	115.4	0	122.9	0	185.4	0	-1	-110	-160	10	10	-11	-16	
-110	-100	-80	-70	2	-106.4	1.754	-75.4	4.547	1.327	0.004	1.458	0.004	1.53	0.001	1.524	0.001	1.243	0.015	121.8	1.838	111.7	3.111	109.05	0.778	112.65	0.778	119.25	0.919	117.85	0.919	123.4	0.283	174.8	4.653	-1	-110	-80	10	10	-11	-8	
-110	-100	40	50	1	-102.8	0	47.9	0	1.327	0	1.47	0	1.533	0	1.52	0	1.242	0	122.1	0	111.4	0	111.4	0	111.3	0	122.7	0	118.1	0	121.7	0	179.3	0	1	-110	40	10	10	-11	4	
70	80	20	30	3	72.3	1.913	27	3.506	1.344	0.02	1.46	0.013	1.533	0.019	1.523	0.015	1.225	0.004	123.033	0.839	111.633	1.528	113.733	1.447	111.467	0.513	120.167	1.626	116.533	0.737	121.933	0.351	173	3.209	4	70	20	10	10	7	2	
70	80	10	20	10	73	2.695	14.1	3.588	1.332	0.013	1.456	0.013	1.53	0.008	1.525	0.007	1.234	0.015	124.73	1.564	114.03	1.292	113.66	0.523	110.99	2.411	119.9	1.598	116.75	1.232	122.95	0.916	172.7	9.833	4	70	10	10	10	7	1	
70	80	-10	0	4	72.8	1.897	-2.5	2.074	1.331	0.009	1.453	0.014	1.542	0.012	1.522	0.029	1.227	0.022	125.775	1.506	114.075	1.253	114.7	0.469	109.85	1.857	119.075	0.998	114.225	1.515	123.925	0.472	178.8	2.63	5	70	-10	10	10	7	-1	
70	80	0	10	5	74.5	3.045	7.2	2.34	1.342	0.016	1.47	0.032	1.523	0.015	1.524	0.007	1.252	0.044	125.82	2.041	115.04	2.792	112.38	3.767	110.64	3.225	118.62	3.104	115.84	0.713	122.02	1.906	176.7	2.32	2	70	0	10	10	7	0	
70	80	-20	-10	1	74.4	0	-16	0	1.354	0	1.468	0	1.535	0	1.534	0	1.237	0	125.4	0	111.6	0	112	0	112.9	0	118.6	0	113.2	0	124.3	0	189.7	0	2	70	-20	10	10	7	-2	
70	80	-60	-50	1	79.1	0	-54.1	0	1.339	0	1.472	0	1.534	0	1.534	0	1.232	0	125.3	0	113.4	0	112.3	0	113.8	0	119.6	0	117.6	0	122.9	0	176.1	0	2	70	-60	10	10	7	-6	
70	80	-70	-60	1	70.3	0	-62.9	0	1.331	0	1.469	0	1.539	0	1.535	0	1.228	0	126.5	0	113.5	0	111.8	0	112.3	0	120.7	0	116	0	123.6	0	178	0	2	70	-70	10	10	7	-7	
70	80	30	40	3	71.6	1.951	36	2.877	1.331	0.017	1.451	0.012	1.531	0.018	1.541	0.023	1.229	0.01	123.8	0.693	112.633	0.907	112.733	0.252	110.967	0.321	120.033	1.674	115.9	1.179	123.933	0.586	176.2	6.274	3	70	30	10	10	7	3	
70	80	70	80	1	70.3	0	70.8	0	1.359	0	1.473	0	1.534	0	1.541	0	1.243	0	123.5	0	111.7	0	109.1	0	111.5	0	121.3	0	115.6	0	123.5	0	183.1	0	-1	70	70	10	10	7	7	
70	80	170	180	1	77.6	0	171.7	0	1.35	0	1.438	0	1.527	0	1.538	0	1.233	0	123.1	0	115.6	0	109.6	0	112.7	0	122.8	0	114.5	0	125.1	0	192.3	0	-0	70	170	10	10	7	17	
70	80	40	50	1	71.4	0	42.6	0	1.326	0	1.504	0	1.527	0	1.558	0	1.185	0	118.6	0	117.7	0	107.5	0	110.6	0	119.6	0	115.3	0	122.6	0	177.9	0	-3	70	40	10	10	7	4	
70	80	60	70	1	78.4	0	65.1	0	1.3	0	1.462	0	1.534	0	1.544	0	1.229	0	128.1	0	114.7	0	107.6	0	113.3	0	122.4	0	119.3	0	122.3	0	184.3	0	-2	70	60	10	10	7	6	
70	80	80	90	1	78.9	0	89.3	0	1.334	0	1.46	0	1.527	0	1.525	0	1.24	0	125.6	0	112.6	0	112.6	0	109.9	0	120.7	0	116	0	125.1	0	182.9	0	3	70	80	10	10	7	8	
-180	-170	170	180	7	-172.7	1.555	174.4	2.108	1.337	0.014	1.46	0.013	1.528	0.016	1.53	0.014	1.232	0.014	122.857	1.69	112.457	3.77	107.371	0.645	110.957	2.297	121.643	1.376	116.314	3.217	122.357	1.58	173.9	6.841	-3	-180	170	10	10	-18	17	
-180	-170	160	170	7	-173.2	2.774	166	2.9	1.33	0.013	1.453	0.011	1.523	0.033	1.524	0.01	1.235	0.007	122.914	2.685	112	1.494	107.5	1.349	109.871	1.858	121.129	0.647	116.657	0.81	123.4	1.322	169.7	6.684	-3	-180	160	10	10	-18	16	
-180	-170	120	130	1	-171.8	0	126.9	0	1.337	0	1.479	0	1.539	0	1.484	0	1.226	0	120.3	0	113	0	105.8	0	109.5	0	121.8	0	112.4	0	124.5	0	179.2	0	-4	-180	120	10	10	-18	12	
-180	-170	140	150	2	-174	2.065	141.9	2.051	1.346	0.001	1.456	0.006	1.546	0.022	1.537	0.005	1.238	0.004	122.9	0.283	112.2	0.707	106.35	1.061	110.45	3.465	119.35	0.071	115.9	0.141	123.35	1.344	172.5	0.481	-4	-180	140	10	10	-18	14	
-180	-170	-180	-170	2	-175.2	5.876	-174.4	3.981	1.3	0.001	1.465	0.007	1.531	0.016	1.524	0.016	1.25	0.011	123.6	4.95	111.2	3.536	107.1	2.687	112.15	0.636	121.2	2.263	117.95	2.333	123.4	0.849	176.9	10.741	-3	-180	-180	10	10	-18	-18	
-180	-170	150	160	1	-173.4	0	156.2	0	1.317	0	1.478	0	1.542	0	1.518	0	1.22	0	119.2	0	108.9	0	107.9	0	107.6	0	122.6	0	116	0	124.1	0	169.5	0	-2	-180	150	10	10	-18	15	
-180	-170	-170	-160	2	-172.2	2.751	-165.4	4.419	1.334	0.004	1.457	0.004	1.53	0.006	1.523	0.003	1.243	0.016	123	1.273	111.8	0.566	107.2	0.566	114.35	0.495	119.9	0.849	117.2	1.98	122.65	0.212	179	0.53	-3	-180	-170	10	10	-18	-17	
50	60	40	50	64	54.8	2.732	44.4	2.533	1.333	0.014	1.462	0.017	1.532	0.016	1.525	0.014	1.233	0.013	122.166	1.482	111.344	1.351	111.669	1.479	111.678	1.369	121.781	1.031	116.623	1.675	122.678	1.294	179.4	6.111	2	50	40	10	10	5	4	
50	60	30	40	41	55.9	2.479	35.3	2.828	1.334	0.016	1.464	0.016	1.53	0.017	1.524	0.013	1.233	0.014	121.751	1.728	112.124	1.827	111.593	1.289	111.829	1.604	121.063	1.444	117.09	1.222	122.459	0.975	178	5.761	2	50	30	10	10	5	3	
50	60	50	60	16	55.9	2.597	54.2	3.031	1.331	0.014	1.457	0.012	1.535	0.012	1.531	0.011	1.235	0.018	122.594	1.568	112.406	1.927	110.906	1.251	112.112	1.324	121.713	1.405	116.713	2.069	122.625	1.313	178.1	6.766	1	50	50	10	10	5	5	
50	60	20	30	14	57.5	1.52	26.6	3.152	1.336	0.009	1.467	0.015	1.535	0.011	1.526	0.021	1.235	0.017	122.364	1.07	112.157	1.237	112.614	1.168	111.621	1.155	120.707	1.416	116.764	1.463	122.579	0.791	181.1	4.447	3	50	20	10	10	5	2	
50	60	60	70	8	56.2	1.899	63.6	2.906	1.331	0.012	1.464	0.016	1.533	0.008	1.536	0.007	1.231	0.019	122.225	1.617	110.838	1.966	110.925	1.245	112.463	2.27	122.85	1.51	116.675	2.285	123.5	1.36	181.5	7.893	1	50	60	10	10	5	6	
50	60	-130	-120	6	56	2.487	-128.1	1.891	1.335	0.017	1.46	0.007	1.529	0.013	1.529	0.009	1.239	0.008	122.433	1.111	112.017	2.773	108.467	2.064	116.583	0.933	118.55	1.528	118.033	4.549	122.25	1.296	181.2	2.574	-2	50	-130	10	10	5	-13	
50	60	-150	-140	3	56.3	1.979	-146	3.876	1.331	0.01	1.472	0.018	1.502	0.04	1.54	0.012	1.244	0.011	120.2	2.594	112.1	1.664	107.933	0.85	116.167	2.371	120.433	0.252	116.8	2.343	122.2	0.721	185.3	5.257	-2	50	-150	10	10	5	-15	
50	60	-140	-130	3	57.6	1.627	-134.3	2.485	1.327	0.011	1.481	0.027	1.524	0.028	1.527	0.011	1.239	0.017	123.267	3.208	109.333	2.458	107.6	1.015	115.833	1.656	120.167	1.914	120.2	5.367	120.467	3.958	179.5	3.854	-2	50	-140	10	10	5	-14	
50	60	-160	-150	1	54.1	0	-153.9	0	1.309	0	1.45	0	1.531	0	1.506	0	1.223	0	123.7	0	108.1	0	112.9	0	115.5	0	123.4	0	116.4	0	123.8	0	185.8	0	3	50	-160	10	10	5	-16	
50	60	70	80	1	56.2	0	79.8	0	1.336	0	1.474	0	1.52	0	1.53	0	1.239	0	124.2	0	112.1	0	109.5	0	111.9	0	123.6	0	115	0	124.4	0	184.9	0	-1	50	70	10	10	5	7	
-140	-130	160	170	102	-135.3	2.736	163.8	2.398	1.332	0.013	1.455	0.014	1.537	0.018	1.525	0.013	1.231	0.013	122.784	1.583	111.752	1.537	109.131	1.625	110.463	1.74	121.728	1.212	115.769	1.614	123.257	1.373	176.6	7.849	-1	-140	160	10	10	-14	16	
-140	-130	130	140	144	-134.6	2.708	134.9	2.816	1.331	0.013	1.457	0.014	1.539	0.015	1.521	0.014	1.235	0.012	122.451	1.519	110.952	1.735	109.004	1.9	109.576	1.815	120.424	1.142	115.729	1.692	123.567	1.065	174.7	5.832	-1	-140	130	10	10	-14	13	
-140	-130	140	150	116	-135.1	2.665	145.3	2.907	1.332	0.019	1.455	0.012	1.537	0.018	1.522	0.013	1.232	0.011	122.573	1.474	111.345	1.793	109.212	1.556	109.516	2.268	120.944	1.216	115.799	1.447	123.336	1.069	173.3	6.271	-1	-140	140	10	10	-14	14	
-140	-130	10	20	10	-134.8	3.222	13.9	3.223	1.338	0.025	1.46	0.009	1.518	0.021	1.53	0.014	1.24	0.019	120.65	2.65	112.31	2.346	112.08	1.27	111.04	1.425	119.39	1.138	116.54	2.082	123.14	1.913	178.9	7.788	2	-140	10	10	10	-14	1	
-140	-130	150	160	155	-135.2	3.093	155.1	2.888	1.331	0.014	1.455	0.013	1.537	0.021	1.52	0.012	1.232	0.011	122.38	1.476	111.97	1.993	109.452	1.542	109.855	2.079	121.597	1.008	116.227	1.584	123.248	1.218	174.2	6.966	-1	-140	150	10	10	-14	15	
-140	-130	90	100	13	-134.9	2.978	95.2	3.434	1.335	0.013	1.467	0.012	1.522	0.011	1.528	0.005	1.232	0.012	122.677	1.265	111.408	2.143	107.954	2.087	111.292	0.993	121.038	1.055	115.692	1.635	123.6	0.945	184.6	5.981	-2	-140	90	10	10	-14	9	
-140	-130	100	110	18	-133.7	2.482	106.8	2.778	1.328	0.013	1.461	0.016	1.528	0.018	1.526	0.014	1.236	0.008	123.233	1.597	111.344	1.276	107.3	2.061	110.894	1.72	120.378	1.123	115.794	1.507	123.461	0.807	181	5.942	-3	-140	100	10	10	-14	10	
-140	-130	120	130	91	-133.9	2.668	125.5	2.888	1.332	0.012	1.459	0.011	1.534	0.016	1.52	0.012	1.233	0.012	122.67	1.523	111.225	1.731	108.066	1.425	110.044	1.451	120.22	1.077	115.757	1.607	123.516	1.082	177.8	5.055	-2	-140	120	10	10	-14	12	
-140	-130	40	50	10	-134.1	3.309	44.7	2.108	1.329	0.014	1.461	0.014	1.531	0.015	1.523	0.011	1.229	0.007	123.5	2.156	110.9	1.629	110.18	1.552	111.75	2.119	121.99	1.149	117	2.339	123.06	1.082	183.6	9.377	0	-140	40	10	10	-14	4	
-140	-130	-180	-170	5	-137.2	2.256	-177.8	1.717	1.339	0.01	1.441	0.015	1.533	0.008	1.528	0.008	1.237	0.009	122.92	2.024	111.96	0.802	108.42	0.63	110.62	2.524	120.26	1.534	115.5	0.99	123.44	0.68	177.8	8.735	-2	-140	-180	10	10	-14	-18	
-140	-130	170	180	23	-134.9	2.821	172.7	2.24	1.337	0.023	1.454	0.026	1.534	0.015	1.521	0.012	1.233	0.015	122.97	2.145	111.552	1.828	108.826	1.956	110.57	1.884	121.491	1.011	116.152	2.335	123.87	1.49	177.4	8.239	-1	-140	170	10	10	-14	17	
-140	-130	50	60	2	-135.4	5.211	54.7	4.525	1.334	0.005	1.474	0.005	1.538	0.003	1.526	0.001	1.229	0.001	120.75	1.626	111.05	2.051	109	1.556	112.65	1.061	121.95	0.495	117	0.566	124.35	0.495	181.3	17.041	-1	-140	50	10	10	-14	5	
-140	-130	110	120	34	-135	3.014	115.8	3.001	1.333	0.013	1.462	0.011	1.532	0.012	1.524	0.011	1.238	0.011	122.421	1.096	111.665	1.859	107.944	1.795	110.421	1.243	120.091	1.225	116.171	1.223	123.509	1.071	180.1	7.232	-2	-140	110	10	10	-14	11	
-140	-130	-10	0	7	-134.3	2.486	-5	3.325	1.337	0.011	1.456	0.016	1.544	0.012	1.521	0.009	1.235	0.013	121.914	1.774	110.614	1.401	115	1.771	108.143	1.183	118.286	1.94	117.129	2.017	123.057	0.974	186.2	3.049	5	-140	-10	10	10	-14	-1	
-140	-130	30	40	6	-132.7	2.86	35.9	2.82	1.334	0.007	1.459	0.024	1.524	0.016	1.515	0.014	1.236	0.012	122.8	2	111.55	0.999	111.1	1.527	111.017	1.065	121.15	0.723	116.883	2.595	123.25	1.266	175.7	5.02	1	-140	30	10	10	-14	3	
-140	-130	20	30	8	-136.2	2.825	25.5	2.675	1.333	0.021	1.457	0.009	1.533	0.022	1.53	0.017	1.236	0.011	121.4	3.159	111.775	1.194	112.163	1.855	110.7	2.198	119.95	0.632	117.438	1.091	122.763	1.08	178.5	7.387	2	-140	20	10	10	-14	2	
-140	-130	-170	-160	3	-135.8	1.055	-165	0.383	1.329	0.004	1.457	0.01	1.547	0.02	1.53	0.008	1.238	0.007	122	1.114	110.967	1.06	107.633	1.301	116.367	1.665	123.267	1.518	115.467	1.365	122.367	2.25	182.4	6.303	-2	-140	-170	10	10	-14	-17	
-140	-130	-20	-10	6	-131.5	0.917	-16	3.132	1.332	0.012	1.455	0.012	1.539	0.012	1.517	0.017	1.242	0.012	121.35	1.634	111.15	1.242	115.3	1.416	109	1.035	118.25	0.779	117.283	0.611	122.867	1.122	183.6	3.957	5	-140	-20	10	10	-14	-2	
-140	-130	80	90	3	-133.8	2.95	85	3.306	1.337	0.005	1.476	0.01	1.511	0.013	1.533	0.008	1.241	0.016	123.233	1.286	112.267	0.493	105.3	0.529	113.167	0.777	119.933	0.907	114.933	1.845	123.533	0.737	193.3	0.796	-5	-140	80	10	10	-14	8	
-140	-130	-150	-140	1	-131.9	0	-142.5	0	1.345	0	1.445	0	1.543	0	1.518	0	1.248	0	120.2	0	113.4	0	109.3	0	112.4	0	119.6	0	115.3	0	123.9	0	194.8	0	-1	-140	-150	10	10	-14	-15	
-140	-130	0	10	5	-134.8	3.431	4.2	2.791	1.338	0.017	1.453	0.009	1.548	0.019	1.521	0.017	1.24	0.007	121.12	0.789	111.1	0.992	113.78	1.422	109.88	1.023	118.58	0.507	115.22	0.958	123.82	1.105	180.5	3.706	4	-140	0	10	10	-14	0	
-140	-130	70	80	4	-135.6	3.844	75.9	2.857	1.354	0.043	1.475	0.011	1.53	0.016	1.531	0.023	1.239	0.011	123.175	0.263	111.275	1.394	108.225	2.277	112.225	2.004	121.475	1.09	114.675	1.195	124.45	0.87	186.7	6.72	-2	-140	70	10	10	-14	7	
-140	-130	60	70	3	-134.1	2.977	65.9	4.044	1.339	0.009	1.45	0.013	1.532	0.003	1.537	0.008	1.228	0.005	122.733	1.38	111.833	1.328	109.933	1.65	110.767	1.012	122.033	0.777	115.533	1.29	122.9	0.3	182.4	3.757	-0	-140	60	10	10	-14	6	
-140	-130	-80	-70	2	-134.7	1.881	-75.8	3.719	1.31	0.018	1.453	0.008	1.515	0.006	1.528	0.005	1.234	0.009	122.05	2.616	109.7	2.121	108.35	3.041	116.8	1.273	121.45	2.758	117.75	0.636	121.75	0.495	179.1	2.857	-2	-140	-80	10	10	-14	-8	
-140	-130	-110	-100	1	-136.7	0	-101.7	0	1.341	0	1.46	0	1.506	0	1.509	0	1.247	0	119.2	0	110.4	0	109.9	0	117.5	0	121.3	0	115.4	0	124.5	0	173.8	0	-0	-140	-110	10	10	-14	-11	
-140	-130	-30	-20	3	-135.5	3.145	-21.9	0.349	1.337	0.003	1.462	0.012	1.529	0.007	1.52	0.019	1.234	0.014	121.667	0.764	109.967	1.193	115.2	0.721	108.833	0.551	119.1	0.624	116.533	1.021	123.667	0.666	191.8	4.591	5	-140	-30	10	10	-14	-3	
-140	-130	-100	-90	1	-133.2	0	-95.4	0	1.351	0	1.46	0	1.526	0	1.521	0	1.234	0	120.8	0	110	0	109.1	0	116.6	0	120.9	0	116.2	0	122.4	0	183.5	0	-1	-140	-100	10	10	-14	-10	
-140	-130	-70	-60	1	-132.3	0	-65.3	0	1.346	0	1.478	0	1.53	0	1.522	0	1.226	0	122.9	0	109.4	0	110.2	0	115	0	121.4	0	117	0	123	0	180.9	0	0	-140	-70	10	10	-14	-7	
-140	-130	-40	-30	1	-139.9	0	-39.8	0	1.283	0	1.431	0	1.527	0	1.523	0	1.282	0	124.6	0	110.3	0	112.6	0	112.8	0	114.6	0	113.9	0	125.7	0	190.4	0	3	-140	-40	10	10	-14	-4	
-140	-130	-160	-150	1	-130.8	0	-156.1	0	1.327	0	1.447	0	1.512	0	1.533	0	1.242	0	123	0	114.7	0	109.2	0	110	0	123.4	0	117.9	0	123.4	0	178.7	0	-1	-140	-160	10	10	-14	-16	
-50	-40	-50	-40	17	-47.9	1.798	-46	2.32	1.331	0.019	1.458	0.014	1.535	0.015	1.524	0.024	1.229	0.009	122.471	1.345	108.647	1.855	113.112	3.332	110.841	1.336	120.682	1.389	116.706	2.064	122.171	1.309	184.8	4.915	3	-50	-50	10	10	-5	-5	
-50	-40	-60	-50	7	-47.6	2.32	-55.5	2.436	1.339	0.004	1.457	0.012	1.539	0.017	1.526	0.015	1.237	0.013	122.657	1.683	110.471	3.053	111.686	1.974	109.843	2.827	121.486	0.997	115.571	1.422	122.771	0.793	186.2	3.667	2	-50	-60	10	10	-5	-6	
-50	-40	130	140	17	-47.5	1.793	134.3	3.098	1.336	0.011	1.46	0.015	1.536	0.017	1.526	0.014	1.232	0.011	121.859	1.043	109.029	1.201	110.106	1.369	109.859	1.322	120.988	0.989	116.012	1.78	122.9	1.035	180.6	6.568	0	-50	130	10	10	-5	13	
-50	-40	120	130	9	-46.5	3.367	126.9	3.019	1.328	0.01	1.463	0.01	1.531	0.022	1.523	0.013	1.237	0.015	122.267	1.877	108.6	1.581	110.956	1.579	109.567	0.949	120.478	0.583	115.667	1.859	123.511	1.697	180.6	7.462	1	-50	120	10	10	-5	12	
-50	-40	140	150	4	-47.8	2.568	143.8	4.092	1.329	0.009	1.452	0.009	1.53	0.016	1.531	0.015	1.231	0.01	121.675	1.974	109.775	1.65	110.175	0.814	109.125	2.547	120.55	0.545	116.65	0.785	122.3	1.627	181.7	4.5	0	-50	140	10	10	-5	14	
-50	-40	-40	-30	6	-48.5	1.366	-35.6	4.249	1.337	0.012	1.449	0.018	1.566	0.026	1.508	0.024	1.232	0.017	122.2	1.333	110.383	2.373	114.6	4.05	107.45	7.483	120.417	1.199	117.75	1.473	121.867	1.054	184.1	3.51	5	-50	-40	10	10	-5	-4	
-50	-40	150	160	2	-47.7	0.792	154.1	3.458	1.344	0.027	1.449	0.015	1.541	0	1.523	0.013	1.242	0.016	123.2	1.98	109.45	0.778	110.65	0.212	111.2	1.273	121.95	0.071	115	2.404	122.4	0.283	177.6	4.702	1	-50	150	10	10	-5	15	
-50	-40	110	120	1	-48.3	0	114	0	1.345	0	1.464	0	1.523	0	1.533	0	1.219	0	123.6	0	109.1	0	111.2	0	111.2	0	122.7	0	116.3	0	123.2	0	192.6	0	1	-50	110	10	10	-5	11	
-50	-40	-70	-60	1	-47.3	0	-60.4	0	1.35	0	1.452	0	1.543	0	1.516	0	1.259	0	122.7	0	110.1	0	111.8	0	111.9	0	118.4	0	119.2	0	122.3	0	189.7	0	2	-50	-70	10	10	-5	-7	
-50	-40	-80	-70	1	-41.2	0	-70.3	0	1.348	0	1.453	0	1.555	0	1.54	0	1.257	0	122	0	107.5	0	114.1	0	109.5	0	119.1	0	115.9	0	122.8	0	188.9	0	4	-50	-80	10	10	-5	-8	
60	70	20	30	35	64.4	2.633	26	2.868	1.332	0.016	1.459	0.016	1.531	0.019	1.524	0.016	1.234	0.017	123.057	1.681	112.274	1.507	113.254	0.973	110.911	1.844	120.477	1.175	116.694	1.79	122.629	1.526	177.5	5.765	3	60	20	10	10	6	2	
60	70	-130	-120	1	63.6	0	-125.1	0	1.344	0	1.47	0	1.527	0	1.528	0	1.241	0	122.5	0	110	0	108.8	0	116.3	0	119.7	0	117	0	123	0	173.4	0	-1	60	-130	10	10	6	-13	
60	70	0	10	4	67.7	3.362	7.6	1.62	1.328	0.009	1.46	0.005	1.545	0.025	1.521	0.013	1.243	0.003	123.475	0.479	113.025	0.943	113.9	0.876	110.875	0.911	118.9	0.476	116.425	0.822	123.525	1.072	182.8	1.155	4	60	0	10	10	6	0	
60	70	30	40	28	63.6	2.457	33.9	2.612	1.333	0.013	1.46	0.013	1.528	0.015	1.526	0.011	1.233	0.011	122.296	1.351	112.739	1.195	111.943	1.055	111.632	1.183	120.796	1.294	116.782	1.574	122.439	1.117	177.1	6.786	2	60	30	10	10	6	3	
60	70	40	50	18	62.7	2.253	44.2	2.765	1.336	0.015	1.461	0.012	1.528	0.014	1.531	0.01	1.23	0.01	122.933	1.433	112.617	1.301	111.306	1.543	112.189	1.537	121.439	1.232	116.756	1.202	122.633	0.712	177.3	5.371	1	60	40	10	10	6	4	
60	70	50	60	5	62.2	2.878	52.8	3.307	1.336	0.01	1.465	0.005	1.526	0.025	1.531	0.018	1.232	0.015	122.28	1.725	112.28	1.489	111.9	1.349	111.7	1.29	121.46	0.513	116.48	1.956	122.32	1.705	180.2	6.399	2	60	50	10	10	6	5	
60	70	10	20	21	66	2.341	15.8	3.224	1.328	0.013	1.456	0.009	1.53	0.014	1.521	0.014	1.234	0.016	124.329	1.292	112.762	1.351	113.524	1.27	111.21	1.306	119.8	0.831	116.319	1.643	123.138	0.779	177.1	6.008	4	60	10	10	10	6	1	
60	70	-120	-110	1	62	0	-116.5	0	1.321	0	1.47	0	1.545	0	1.508	0	1.257	0	124.9	0	108.4	0	110.3	0	119.9	0	117	0	115.3	0	124.3	0	175.1	0	0	60	-120	10	10	6	-12	
60	70	-160	-150	1	63.9	0	-159.4	0	1.341	0	1.473	0	1.544	0	1.533	0	1.24	0	122.7	0	111.5	0	109.9	0	116	0	120.2	0	116.3	0	122.4	0	187.6	0	-0	60	-160	10	10	6	-16	
60	70	60	70	2	62.2	1.648	62.3	2.744	1.337	0.005	1.46	0.001	1.542	0.025	1.528	0.006	1.239	0.011	124.1	1.556	112.2	0.849	111.7	0.707	112.35	1.061	122.8	0.849	117.85	2.051	122.95	0.354	182.7	0.127	2	60	60	10	10	6	6	
60	70	-100	-90	1	62.7	0	-93.4	0	1.337	0	1.454	0	1.522	0	1.547	0	1.217	0	123.8	0	111.7	0	108.5	0	114.5	0	117.9	0	114.4	0	125.5	0	177.4	0	-2	60	-100	10	10	6	-10	
60	70	150	160	1	69.1	0	152.3	0	1.345	0	1.471	0	1.535	0	1.526	0	1.217	0	124.9	0	108.6	0	116.6	0	107.2	0	119.8	0	116.6	0	123.8	0	162	0	7	60	150	10	10	6	15	
-170	-160	120	130	5	-161.5	0.69	123.4	2.227	1.329	0.008	1.469	0.008	1.542	0.049	1.519	0.013	1.231	0.022	122.88	1.439	109.56	2.599	106.98	1.25	110.88	0.769	119.58	1.139	115.36	1.727	122.8	0.616	181.7	4.917	-3	-170	120	10	10	-17	12	
-170	-160	160	170	52	-163.9	2.84	164.9	2.599	1.329	0.011	1.457	0.01	1.533	0.015	1.522	0.01	1.235	0.011	122.096	1.516	111.687	1.349	108.096	1.69	110.667	1.658	121.135	1.164	116.544	1.569	122.81	1.211	173	7.346	-2	-170	160	10	10	-17	16	
-170	-160	170	180	24	-164.1	2.197	174.3	3.269	1.331	0.013	1.459	0.013	1.533	0.015	1.523	0.015	1.232	0.011	121.479	3.002	111.342	1.491	108.004	1.437	111.596	1.526	121.583	1.269	116.358	2.664	122.846	1.89	175.9	5.984	-2	-170	170	10	10	-17	17	
-170	-160	-180	-170	16	-165.2	3.147	-175.6	2.844	1.323	0.013	1.464	0.011	1.529	0.015	1.526	0.012	1.238	0.008	123.469	1.512	111.244	1.207	107.194	1.252	113.188	2.432	120.881	0.715	116.906	1.757	122.413	0.876	180.1	7.208	-3	-170	-180	10	10	-17	-18	
-170	-160	130	140	10	-162.7	2.138	136.4	3.401	1.332	0.015	1.457	0.009	1.532	0.012	1.518	0.01	1.235	0.017	120.65	1.762	109.44	1.347	109.11	1.075	109.97	1.84	119.76	0.969	116.64	1.67	123.16	1.487	174.5	6.036	-1	-170	130	10	10	-17	13	
-170	-160	-160	-150	2	-162.3	1.372	-152.1	0.085	1.339	0.007	1.463	0.003	1.542	0.001	1.537	0.002	1.238	0.001	119.35	0.212	109.15	0.212	108.3	0.99	115.25	0.071	120.55	0.212	116.45	0.778	123	0	182.1	0.134	-2	-170	-160	10	10	-17	-16	
-170	-160	40	50	1	-166.6	0	41.3	0	1.332	0	1.467	0	1.521	0	1.528	0	1.22	0	121	0	111.7	0	109.5	0	110.6	0	121.2	0	117.8	0	123.5	0	190.9	0	-1	-170	40	10	10	-17	4	
-170	-160	150	160	38	-163.8	2.596	156.3	2.856	1.331	0.011	1.458	0.015	1.538	0.015	1.519	0.014	1.237	0.014	121.829	2.317	111.118	1.476	108.426	1.259	110	1.292	120.708	0.911	116.474	1.902	122.679	1.335	172.9	6.649	-2	-170	150	10	10	-17	15	
-170	-160	100	110	2	-161.3	0.707	105.7	0.955	1.343	0.011	1.454	0.007	1.53	0.009	1.536	0.003	1.241	0.007	122.15	0.071	110.35	0.919	105.75	1.768	111.6	0.283	119.95	0.495	114.3	2.121	123.85	0.495	185.9	4.214	-4	-170	100	10	10	-17	10	
-170	-160	140	150	15	-163.2	2.28	145.8	2.424	1.33	0.013	1.453	0.009	1.54	0.012	1.521	0.013	1.231	0.01	122.74	2.912	110.653	1.04	108.413	1.386	109.193	1.276	120.253	1.131	117.367	1.831	122.14	1.151	172.5	4.301	-2	-170	140	10	10	-17	14	
-170	-160	-150	-140	1	-167.4	0	-147.4	0	1.334	0	1.461	0	1.551	0	1.521	0	1.234	0	120.6	0	107.9	0	110	0	114.1	0	119.3	0	117.6	0	122	0	179.6	0	0	-170	-150	10	10	-17	-15	
-170	-160	110	120	4	-163.7	3.667	116.6	3.733	1.339	0.007	1.464	0.016	1.536	0.016	1.526	0.014	1.237	0.008	121.275	0.896	110.775	2.907	107.6	0.983	110.375	1.156	119.925	1.307	115.95	1.801	123.4	1.435	181.1	7.271	-2	-170	110	10	10	-17	11	
-170	-160	-60	-50	1	-166.7	0	-56.1	0	1.327	0	1.48	0	1.553	0	1.53	0	1.247	0	122	0	114.2	0	109.6	0	112.3	0	121.2	0	116.3	0	124.2	0	197.1	0	-0	-170	-60	10	10	-17	-6	
-170	-160	90	100	2	-163.5	3.422	94.3	0.53	1.325	0.001	1.478	0.008	1.499	0.033	1.534	0.004	1.221	0.003	121.05	0.071	113.2	2.263	106.05	3.182	111.7	2.828	120.3	1.414	118.45	2.333	122.55	0.919	183.5	1.322	-4	-170	90	10	10	-17	9	
-170	-160	20	30	1	-160.1	0	26.3	0	1.328	0	1.484	0	1.527	0	1.509	0	1.226	0	119.9	0	112	0	113.2	0	111	0	120.2	0	118.7	0	122.1	0	183.9	0	3	-170	20	10	10	-17	2	
-170	-160	10	20	1	-160.8	0	13.1	0	1.308	0	1.461	0	1.536	0	1.531	0	1.24	0	115.8	0	108.8	0	114	0	110.4	0	114.8	0	120.3	0	122.3	0	164.7	0	4	-170	10	10	10	-17	1	
-10	0	-10	0	1	-0.3	0	-1.6	0	1.33	0	1.353	0	1.365	0	1.438	0	1.245	0	106	0	127.2	0	110.4	0	120.7	0	133	0	125	0	0	0	187.2	0	0	-10	-10	10	10	-1	-1	
-40	-30	120	130	2	-37.1	3.196	124	1.987	1.335	0.025	1.437	0.006	1.528	0.001	1.528	0.014	1.236	0.004	124.5	1.414	110.2	0.424	111.7	0.849	108.5	0.283	121.05	0.636	116.75	0.212	123.65	0.495	186.5	10.225	2	-40	120	10	10	-4	12	
-40	-30	-60	-50	1	-37.8	0	-54.3	0	1.329	0	1.44	0	1.555	0	1.524	0	1.241	0	121.5	0	111.5	0	113.1	0	110.8	0	121.4	0	117.2	0	123	0	189.7	0	3	-40	-60	10	10	-4	-6	
80	90	-10	0	5	83.3	2.794	-4.6	1.655	1.328	0.017	1.453	0.003	1.546	0.009	1.528	0.017	1.229	0.01	127.54	1.627	114.62	0.753	113	1.713	109.36	0.297	119.02	0.455	117.04	1.94	123.18	1.452	179.9	4.752	3	80	-10	10	10	8	-1	
80	90	0	10	1	80.7	0	3.5	0	1.316	0	1.463	0	1.55	0	1.517	0	1.25	0	122.8	0	114	0	113.2	0	112.9	0	117.5	0	114.9	0	124.7	0	173.3	0	3	80	0	10	10	8	0	
80	90	100	110	1	84.7	0	106.2	0	1.344	0	1.462	0	1.515	0	1.55	0	1.234	0	128.5	0	114.5	0	108.2	0	111.2	0	122.3	0	115.8	0	123.3	0	183.9	0	-2	80	100	10	10	8	10	
30	40	-120	-110	1	39	0	-111.3	0	1.337	0	1.471	0	1.575	0	1.512	0	1.232	0	125.9	0	112.3	0	112.4	0	113.8	0	120.6	0	113.7	0	124.6	0	186.3	0	2	30	-120	10	10	3	-12	
90	100	-10	0	1	92	0	-6.6	0	1.342	0	1.48	0	1.522	0	1.508	0	1.231	0	126.1	0	113	0	114.3	0	110.2	0	119.9	0	113.7	0	123.7	0	186.5	0	4	90	-10	10	10	9	-1	
-30	-20	-70	-60	1	-26.7	0	-61.6	0	1.312	0	1.453	0	1.564	0	1.502	0	1.26	0	124.5	0	111.9	0	115.9	0	112.1	0	120	0	121.9	0	127.2	0	189.9	0	6	-30	-70	10	10	-3	-7	
