PhiStart	PhiStop	PsiStart	PsiStop	Observations	PhiAvg	PhiDev	PsiAvg	PsiDev	L1Avg	L1Dev	L2Avg	L2Dev	L3Avg	L3Dev	L4Avg	L4Dev	L5Avg	L5Dev	a1Avg	a1Dev	a2Avg	a2Dev	a3Avg	a3Dev	a4Avg	a4Dev	a5Avg	a5Dev	a6Avg	a6Dev	a7Avg	a7Dev	OmeAvg	OmeDev	Color	X	Y	XLen	YLen	XBin	YBin	
-140	-130	50	60	5	-132.5	2.557	53.9	2.931	1.344	0.018	1.459	0.027	1.536	0.017	1.526	0.012	1.231	0.01	122.22	1.327	111.34	2.292	110.98	1.399	111	1.741	121.86	1.115	116.72	1.974	122.84	1.571	186.7	4.917	1	-140	50	10	10	-14	5	
-140	-130	140	150	8	-135.3	3.731	146.1	1.784	1.339	0.01	1.459	0.013	1.542	0.016	1.522	0.009	1.237	0.006	123.075	1.514	111.263	1.386	109.438	1.361	108.025	1.44	120.437	0.947	116.413	1.416	122.887	0.895	176.1	7.836	-1	-140	140	10	10	-14	14	
-140	-130	130	140	4	-135.7	4.016	134	2.621	1.331	0.028	1.461	0.009	1.532	0.011	1.524	0.008	1.253	0.011	122.425	1.372	108.1	3.532	108	1.485	110.95	0.785	119.4	0.779	115.4	2.288	123.65	0.723	181	6.166	-2	-140	130	10	10	-14	13	
-140	-130	160	170	7	-133.9	3.408	164.5	2.084	1.326	0.008	1.457	0.005	1.317	0.581	1.519	0.009	1.233	0.007	123.5	1.542	95.014	41.961	108.843	2.152	94.314	41.61	120.9	1.088	116.6	1.655	122.943	1.422	178	7.086	-1	-140	160	10	10	-14	16	
-140	-130	70	80	14	-134	2.89	74.1	3.612	1.322	0.03	1.462	0.014	1.532	0.008	1.524	0.012	1.24	0.012	123.479	1.286	111.586	1.71	108.593	1.809	110.936	1.191	121.186	1.664	117.607	1.761	122.721	1.339	185.7	5.582	-1	-140	70	10	10	-14	7	
-140	-130	60	70	9	-136	2.561	65.6	3.516	1.331	0.016	1.466	0.006	1.528	0.011	1.525	0.012	1.233	0.011	122.7	1.462	110.622	1.005	108.789	1.973	112.267	1.157	121.267	1.095	116.511	2.09	123.2	0.971	187.6	6.843	-1	-140	60	10	10	-14	6	
-140	-130	120	130	2	-133.7	0.849	125	6.916	1.337	0.016	1.453	0.002	1.528	0.01	1.527	0.001	1.232	0.012	122.35	0.636	111.95	0.919	105.65	0.354	110.65	1.202	119.7	0	115.8	1.414	123.25	0.212	181.9	6.795	-4	-140	120	10	10	-14	12	
-140	-130	80	90	7	-135.1	3.507	85.2	3.984	1.336	0.01	1.457	0.012	1.53	0.014	1.516	0.011	1.233	0.008	122.571	1.629	111.457	0.916	109.871	3.024	110.614	1.016	121.943	0.802	115.971	1.014	123.414	0.626	178.9	8.032	-0	-140	80	10	10	-14	8	
-140	-130	150	160	9	-136.1	2.767	153.8	2.469	1.328	0.013	1.46	0.012	1.542	0.015	1.515	0.008	1.241	0.011	122.611	2.597	110.5	1.09	109.189	1.676	108.633	1.245	120.967	1.175	116.989	3.368	123.378	1.665	174.2	7.538	-1	-140	150	10	10	-14	15	
-140	-130	100	110	2	-135.9	1.464	103.3	4.144	1.327	0.001	1.456	0.008	1.526	0.001	1.523	0.001	1.249	0.006	123.4	0	109.6	0.849	110.15	1.909	112.1	0.283	119.55	0.354	115.65	0.071	123.6	0.707	174.5	12.127	0	-140	100	10	10	-14	10	
-140	-130	170	180	1	-132.5	0	171	0	1.344	0	1.469	0	1.545	0	1.521	0	1.23	0	122.8	0	108.6	0	109.5	0	111.3	0	122.4	0	116.3	0	122.4	0	183.9	0	-1	-140	170	10	10	-14	17	
-140	-130	110	120	1	-131.6	0	119.8	0	1.327	0	1.475	0	1.532	0	1.519	0	1.264	0	122.6	0	110.9	0	104.4	0	113.1	0	119.4	0	112.4	0	124.9	0	192.7	0	-6	-140	110	10	10	-14	11	
-140	-130	90	100	1	-138.1	0	92.8	0	1.348	0	1.454	0	1.533	0	1.532	0	1.251	0	121	0	112.6	0	109.4	0	109.3	0	120.5	0	118.6	0	122.4	0	184	0	-1	-140	90	10	10	-14	9	
-140	-130	-180	-170	1	-135.2	0	-173.4	0	1.324	0	1.434	0	0	0	1.529	0	1.231	0	126	0	0	0	110.5	0	0	0	119.9	0	115.8	0	124.6	0	193.4	0	1	-140	-180	10	10	-14	-18	
-150	-140	70	80	5	-143.2	1.309	75.8	3.402	1.326	0.012	1.47	0.012	1.527	0.024	1.511	0.009	1.23	0.012	122.72	0.517	110.52	0.415	108.52	1.612	111.74	0.945	121.98	0.722	116.4	2.515	123.54	0.817	186.7	4.654	-1	-150	70	10	10	-15	7	
-150	-140	80	90	5	-143.7	3.265	83.7	3.6	1.334	0.004	1.459	0.01	1.535	0.009	1.525	0.01	1.233	0.007	121.42	0.74	113.6	5.098	109.56	1.488	109.1	3.735	121.14	0.963	117.28	3.06	122.38	1.422	182.5	1.872	-0	-150	80	10	10	-15	8	
-150	-140	60	70	2	-147.8	2.022	68.6	0.707	1.347	0.012	1.46	0.011	1.534	0.008	1.527	0.011	1.241	0.008	121.45	0.778	109.85	0.919	109.65	0.495	110.9	0.849	122.15	0.071	116.7	1.98	122.8	1.131	185.8	0.771	-0	-150	60	10	10	-15	6	
-150	-140	130	140	3	-144.3	3.652	133.2	1.932	1.341	0.012	1.435	0.056	1.527	0.028	1.537	0.016	1.248	0.02	122.733	4.126	113.367	2.822	105	5.88	109.5	1.386	119.733	1.06	125.833	13.742	115.9	12.836	182.1	5.403	-5	-150	130	10	10	-15	13	
-150	-140	140	150	4	-144.4	3.754	142.2	2.137	1.328	0.009	1.456	0.01	1.535	0.016	1.522	0.009	1.225	0.016	122.125	3.089	112.8	3.337	108.875	1.228	109.775	1.024	120.4	2.14	116.025	1.786	122.875	0.32	180.9	2.101	-1	-150	140	10	10	-15	14	
-150	-140	90	100	6	-145.8	3.227	95.7	3.312	1.331	0.003	1.465	0.009	1.526	0.01	1.52	0.021	1.242	0.012	122.2	1.311	111.783	1.787	107.6	2.04	111.217	1.13	120.6	1.367	117.633	1.651	122.583	1.245	179	10.434	-2	-150	90	10	10	-15	9	
-150	-140	150	160	10	-143.6	2.738	155.2	2.26	1.326	0.007	1.452	0.009	1.53	0.011	1.523	0.014	1.237	0.009	122.75	1.794	112.39	1.647	108.24	1.065	109.25	2.21	120.25	1.092	116.83	1.417	123.1	0.958	177.3	7.969	-2	-150	150	10	10	-15	15	
-150	-140	160	170	3	-144.3	3.628	163.5	2.483	1.318	0.011	1.453	0.009	1.025	0.888	1.51	0.016	1.243	0.014	121.867	1.102	74.2	64.259	110.067	0.473	73.067	63.293	120.867	0.971	117.9	1.212	121.833	0.971	179.6	4.607	0	-150	160	10	10	-15	16	
-150	-140	120	130	1	-146.3	0	122.4	0	1.319	0	1.466	0	1.545	0	1.505	0	1.236	0	121.5	0	109.2	0	106.8	0	111.4	0	118.7	0	113.7	0	125	0	184.9	0	-3	-150	120	10	10	-15	12	
-80	-70	170	180	10	-74.8	2.435	173.3	2.115	1.332	0.019	1.449	0.019	1.067	0.737	1.523	0.015	1.234	0.014	121.67	1.614	74.95	51.835	110.35	2.586	78.17	53.967	120.85	1.697	116.77	1.067	122.11	1.788	183.7	6.557	0	-80	170	10	10	-8	17	
-80	-70	150	160	13	-76.4	2.566	154	2.709	1.328	0.015	1.451	0.013	1.525	0.015	1.529	0.018	1.23	0.012	120.862	1.493	109.985	1.647	110.262	1.902	108.746	1.6	121.154	0.943	117.077	1.977	122.354	0.852	175.5	6.307	0	-80	150	10	10	-8	15	
-80	-70	130	140	11	-74	2.542	135.5	2.867	1.324	0.016	1.465	0.014	1.534	0.031	1.522	0.014	1.237	0.015	120.691	1.394	110.055	1.331	109.282	1.112	110.882	1.53	119.809	0.972	118.382	1.898	121.718	0.98	177	6.665	-1	-80	130	10	10	-8	13	
-80	-70	160	170	8	-74.4	2.9	162.7	1.576	1.334	0.011	1.45	0.021	1.524	0.013	1.526	0.011	1.231	0.008	121.088	2.012	108.675	2.704	110.263	1.112	110.238	2.16	120.775	1.113	116.65	1.679	122.463	1.37	178.7	7.393	0	-80	160	10	10	-8	16	
-80	-70	140	150	15	-76.3	2.544	144.5	2.562	1.329	0.016	1.455	0.017	1.528	0.017	1.525	0.018	1.234	0.012	121.067	1.424	110.153	0.684	110.433	0.992	109.187	0.982	120	1.143	117.767	1.668	121.56	1.438	175.7	8.316	0	-80	140	10	10	-8	14	
-80	-70	120	130	9	-74.7	2.402	126.3	3.237	1.324	0.025	1.457	0.011	1.531	0.017	1.525	0.008	1.233	0.012	120.156	1.441	109.533	2.128	109.144	1.188	109.967	1.984	119.833	0.721	116.911	1.9	122.811	0.91	179	3.753	-1	-80	120	10	10	-8	12	
-80	-70	-40	-30	2	-73.7	4.766	-33.5	2.475	1.336	0.013	1.461	0.022	1.54	0.003	1.53	0.004	1.245	0.005	119.5	0.141	109.65	0.778	114.6	0.141	109.7	0.707	117.9	0.707	115.45	0.354	122.45	1.344	178.9	0.7	5	-80	-40	10	10	-8	-4	
-80	-70	110	120	5	-72.2	2.749	116.6	3.061	1.322	0.012	1.471	0.027	1.534	0.015	1.525	0.014	1.237	0.005	120.08	0.65	108	2.861	109	1.227	110.64	0.643	119.52	0.311	118.88	1.344	122.18	0.487	184.7	3.842	-1	-80	110	10	10	-8	11	
-80	-70	-60	-50	1	-73.9	0	-53.8	0	1.362	0	1.464	0	1.542	0	1.527	0	1.244	0	119.8	0	110.6	0	112.6	0	112.8	0	119.6	0	115.9	0	124.1	0	185.5	0	3	-80	-60	10	10	-8	-6	
-80	-70	-180	-170	2	-71.2	1.457	-178.2	0.912	1.325	0.004	1.429	0.011	0	0	1.536	0.005	1.232	0.002	122.05	1.485	0	0	111.3	1.697	0	0	120.65	0.212	115.65	2.616	123.1	2.404	184.5	10.734	1	-80	-180	10	10	-8	-18	
-130	-120	-180	-170	1	-123.5	0	-175.9	0	1.33	0	1.465	0	0	0	1.503	0	1.24	0	124.2	0	0	0	109.5	0	0	0	121.4	0	115.3	0	121.4	0	181.3	0	-1	-130	-180	10	10	-13	-18	
-130	-120	160	170	5	-125	2.612	163.1	2.104	1.326	0.014	1.452	0.007	1.538	0.018	1.517	0.017	1.237	0.012	124.26	1.496	109.98	1.283	109	2.419	109.08	1.721	121.06	0.891	116.2	2.331	123.68	0.691	173.5	7.508	-1	-130	160	10	10	-13	16	
-130	-120	80	90	8	-126.4	3.166	83.8	2.744	1.323	0.024	1.47	0.014	1.529	0.021	1.524	0.014	1.237	0.012	124.275	1.673	110.988	1.76	107.263	2.566	112.713	2.998	120.275	1.155	116.45	1.485	123.062	1.171	185	7.513	-3	-130	80	10	10	-13	8	
-130	-120	60	70	14	-126.8	3.272	65.6	2.539	1.327	0.014	1.464	0.009	1.529	0.009	1.526	0.014	1.236	0.014	123.493	1.516	110.579	1.076	110.064	1.603	111.064	1.591	121.35	1.303	117.021	2.39	123.079	1.299	184.8	4.537	0	-130	60	10	10	-13	6	
-130	-120	-90	-80	1	-128.4	0	-84.6	0	1.334	0	1.443	0	0	0	1.52	0	1.23	0	122.7	0	0	0	114	0	0	0	120.7	0	119	0	121.6	0	190	0	4	-130	-90	10	10	-13	-9	
-130	-120	90	100	6	-124	3.164	95.1	4.328	1.333	0.012	1.466	0.014	1.525	0.02	1.523	0.011	1.249	0.017	123.183	2.113	111.5	1.576	107.067	1.289	111.133	0.52	121.167	0.961	115.75	1.412	123.45	1.019	181	5.394	-3	-130	90	10	10	-13	9	
-130	-120	70	80	13	-124.9	2.487	74.8	2.831	1.337	0.012	1.459	0.011	1.526	0.008	1.526	0.009	1.243	0.011	123.477	1.45	111.923	2.037	107.785	1.656	110.923	1.474	120.477	1.317	115.862	1.735	123.792	1.138	187.2	4.368	-2	-130	70	10	10	-13	7	
-130	-120	140	150	6	-127.2	2.435	145.5	3.349	1.332	0.012	1.446	0.014	1.536	0.022	1.521	0.016	1.221	0.028	120.883	3.828	109.933	1.216	110.55	1.688	109.55	1.258	120.567	2.01	115.383	2.547	124.083	1.432	181.1	7.54	1	-130	140	10	10	-13	14	
-130	-120	150	160	9	-124.7	2.349	156.3	2.788	1.323	0.014	1.455	0.008	1.541	0.009	1.525	0.007	1.236	0.009	123.156	1.535	111.011	1.245	108.833	1.184	110.122	2.171	120.156	1.632	116.744	1.728	123.133	0.866	174.8	5.134	-1	-130	150	10	10	-13	15	
-130	-120	100	110	5	-125.2	2.846	102.5	2.178	1.327	0.007	1.454	0.009	1.525	0.013	1.528	0.012	1.238	0.015	122.78	1.132	111.62	1.436	109.18	1.92	109.6	1.655	120.22	1.829	116.94	2.028	123.52	1.143	180.3	6.525	-1	-130	100	10	10	-13	10	
-130	-120	50	60	3	-127.6	1.612	53.4	4.126	1.33	0.015	1.452	0.006	1.52	0.017	1.526	0.012	1.232	0.016	121.967	1.677	111.067	1.106	112.133	0.737	111.767	0.987	120.067	0.462	117.5	0.52	123.267	0.611	178.6	10.456	2	-130	50	10	10	-13	5	
-130	-120	110	120	6	-127.1	1.624	115.1	2.334	1.333	0.009	1.457	0.005	1.536	0.008	1.521	0.01	1.241	0.015	122.783	0.997	110.75	1.903	108.65	2.719	110.6	1.527	119.883	0.76	117.033	1.606	122.767	0.543	177.5	4.696	-1	-130	110	10	10	-13	11	
-130	-120	120	130	3	-126.3	3.563	124.9	2.246	1.334	0.007	1.463	0.011	1.534	0.017	1.522	0.004	1.246	0.018	122.6	1.48	112.167	1.419	107.7	1.153	110.067	1.124	119.367	0.907	117.133	2.542	123.267	0.058	180.4	1.542	-2	-130	120	10	10	-13	12	
-130	-120	130	140	4	-126.8	1.898	134.7	4.359	1.337	0.007	1.447	0.009	1.535	0.01	1.524	0.002	1.242	0.01	122.9	1.715	110.925	2.542	109.7	1.431	109.325	2.043	119.975	0.67	117.4	1.428	122.875	0.525	174.3	7.575	-0	-130	130	10	10	-13	13	
-160	-150	160	170	5	-157.3	1.129	163.7	3.035	1.341	0.005	1.462	0.006	1.539	0.014	1.517	0.01	1.244	0.009	121.3	1.449	111.08	0.853	108.34	0.329	111.26	0.518	120.84	1.041	116.18	1.205	122.64	1.161	181.5	1.942	-2	-160	160	10	10	-16	16	
-160	-150	80	90	3	-153.3	1.243	83.7	3.22	1.331	0.015	1.455	0.013	1.515	0.013	1.514	0.01	1.246	0.01	121.4	0.7	112.267	1.888	108.8	2.117	109.967	1.15	121.567	1.332	116.067	2.65	123.067	0.85	178	5.633	-1	-160	80	10	10	-16	8	
-160	-150	140	150	3	-153.5	2.907	143.4	4.57	1.34	0.028	1.456	0.006	1.533	0.029	1.513	0.009	1.24	0.011	123.133	2.914	111.2	2.307	107.533	1.258	110.867	1.06	118.767	0.757	115.333	2.219	123.1	0.872	184.2	4.13	-2	-160	140	10	10	-16	14	
-160	-150	130	140	2	-158.1	2.072	137.6	3.09	1.338	0.008	1.461	0.008	1.54	0.003	1.519	0.003	1.243	0.008	119.2	1.98	109.1	1.697	108.9	2.828	108.75	2.899	119.2	0.99	116.35	0.919	122.8	0.99	178.2	7.616	-1	-160	130	10	10	-16	13	
-160	-150	170	180	1	-152.9	0	172.2	0	1.313	0	1.461	0	1.527	0	1.515	0	1.233	0	120.8	0	113.5	0	106.2	0	109.2	0	121.2	0	118.8	0	121.5	0	174	0	-4	-160	170	10	10	-16	17	
-160	-150	150	160	4	-155.6	2.914	154.1	4.376	1.326	0.01	1.455	0.011	1.532	0.016	1.518	0.02	1.225	0.008	121.875	1.957	109.975	0.822	107.975	1.484	109.375	1.477	119.525	1.109	117.95	1.603	121.9	0.594	177.1	3.587	-2	-160	150	10	10	-16	15	
-160	-150	60	70	2	-154.9	4.83	66.5	3.903	1.34	0.008	1.457	0.018	1.517	0.004	1.528	0.004	1.234	0.025	121.65	1.626	110.8	0.707	109.25	0.778	110.9	0.283	120	1.131	117.1	1.697	121.85	0.636	181.4	0.29	-1	-160	60	10	10	-16	6	
-160	-150	120	130	1	-154.1	0	127.3	0	1.321	0	1.442	0	1.525	0	1.515	0	1.225	0	123.9	0	112.1	0	108	0	109.3	0	117.5	0	119.1	0	120.5	0	182.7	0	-2	-160	120	10	10	-16	12	
-70	-60	110	120	3	-67.8	3.063	117.4	1.757	1.32	0.018	1.444	0.023	1.542	0.033	1.518	0.007	1.236	0.016	123.8	3.208	110.3	1.952	110.9	3.1	109.133	2.05	118.267	0.153	118.167	3.197	120.967	2.413	179.8	3.814	1	-70	110	10	10	-7	11	
-70	-60	120	130	21	-64.8	2.919	125.6	2.988	1.324	0.019	1.465	0.018	1.525	0.023	1.523	0.015	1.239	0.012	121.152	1.334	109.081	1.727	109.548	1.878	109.933	1.62	119.748	1.193	117.024	1.687	121.867	1.086	181	6.223	-0	-70	120	10	10	-7	12	
-70	-60	-60	-50	5	-65.3	3.275	-55.2	1.852	1.342	0.01	1.462	0.01	1.535	0.016	1.522	0.011	1.243	0.008	119.9	0.731	109.98	0.789	111.9	1.729	114.64	2.897	119.2	0.809	118.08	0.912	122.12	1.252	178.2	5.573	2	-70	-60	10	10	-7	-6	
-70	-60	160	170	5	-66.5	2.439	163.4	2.046	1.34	0.011	1.436	0.022	0.924	0.843	1.517	0.014	1.24	0.018	121.44	1.652	65.72	60.053	110.84	0.945	65.62	59.914	121	1.573	117	1.78	121.86	1.488	178.5	6.597	1	-70	160	10	10	-7	16	
-70	-60	140	150	26	-64.8	2.279	146	2.501	1.33	0.012	1.455	0.011	1.528	0.015	1.527	0.01	1.237	0.013	120.027	1.413	109.562	2.537	109.885	1.02	109.573	1.636	120.75	1.107	117.508	2.212	122.05	1.451	178.1	5.778	-0	-70	140	10	10	-7	14	
-70	-60	-50	-40	10	-63.1	2.67	-44.8	2.574	1.336	0.016	1.462	0.01	1.529	0.012	1.521	0.012	1.245	0.013	119.68	1.539	110.58	1.237	111.77	1.144	113.54	1.73	118.92	0.975	116.9	2.312	122.08	0.831	176.5	2.324	2	-70	-50	10	10	-7	-5	
-70	-60	150	160	22	-65.8	2.54	154.5	2.998	1.33	0.011	1.457	0.016	1.532	0.017	1.524	0.013	1.235	0.012	120.541	1.146	108.132	3.317	110.668	1.818	109.618	1.701	120.764	0.861	117.309	2.223	121.927	1.708	179.4	7.393	1	-70	150	10	10	-7	15	
-70	-60	-40	-30	3	-60.9	0.459	-37.2	2.284	1.335	0.011	1.455	0.018	1.533	0.018	1.532	0.002	1.25	0.012	118.933	0.723	111.833	1.201	113.833	1.498	111.033	1.75	116.833	1.106	117.5	2.078	122.333	0.611	179.2	3.358	4	-70	-40	10	10	-7	-4	
-70	-60	130	140	18	-64.3	2.922	135.6	2.868	1.327	0.016	1.458	0.017	1.531	0.014	1.52	0.009	1.241	0.018	120.028	1.689	110.15	1.963	109.622	1.765	109.422	2.064	119.744	1.121	117.478	2.32	122.289	1.529	177.6	8.364	-0	-70	130	10	10	-7	13	
-60	-50	150	160	5	-57.4	1.605	154	3.463	1.343	0.02	1.453	0.018	1.52	0.011	1.526	0.018	1.241	0.014	121.06	2.164	107.04	4.049	109.78	1.534	110.44	1.713	121.14	1.683	116.48	1.497	121.06	1.119	180.5	5.084	-0	-60	150	10	10	-6	15	
-60	-50	130	140	19	-56.5	2.445	134.4	3.009	1.329	0.012	1.453	0.007	1.537	0.011	1.526	0.01	1.239	0.009	120.316	1.341	109.663	1.068	109.537	1.113	109.668	1.365	119.742	0.778	117.932	1.849	121.505	0.816	181	6.329	-0	-60	130	10	10	-6	13	
-60	-50	-60	-50	9	-53.8	3.799	-52.7	2.655	1.331	0.016	1.463	0.008	1.193	0.677	1.521	0.009	1.239	0.013	121.878	1.204	84.978	48.199	112.956	0.954	88.756	50.332	119.3	0.959	117.9	1.71	122.389	0.843	181.4	2.134	3	-60	-60	10	10	-6	-6	
-60	-50	-50	-40	24	-55.7	2.727	-44.3	2.812	1.331	0.015	1.461	0.012	1.407	0.433	1.516	0.013	1.242	0.012	120.238	1.025	101.188	31.198	113.512	1.694	103.25	31.873	118.654	1.034	118.288	1.458	121.817	1.034	180.9	2.676	4	-60	-50	10	10	-6	-5	
-60	-50	110	120	1	-55.2	0	111.2	0	1.302	0	1.466	0	1.503	0	1.514	0	1.223	0	126.7	0	106.5	0	110.9	0	109.9	0	119.7	0	116	0	123.7	0	183.3	0	1	-60	110	10	10	-6	11	
-60	-50	120	130	8	-56.8	2.194	126.5	2.6	1.325	0.016	1.444	0.014	1.525	0.015	1.534	0.011	1.247	0.017	121.538	1.183	110.225	2.811	109.338	1.089	109.675	1.798	119.15	0.847	117.338	1.943	121.288	1.08	184.4	8.164	-1	-60	120	10	10	-6	12	
-60	-50	-40	-30	10	-55.7	2.514	-37.8	1.931	1.33	0.007	1.452	0.011	1.385	0.487	1.525	0.012	1.24	0.009	120.81	1.098	99.03	34.831	113.83	1.101	100.23	35.256	118.09	1.014	117.83	1.626	121.56	0.873	178.9	1.673	4	-60	-40	10	10	-6	-4	
-60	-50	140	150	2	-53.2	1.075	140.4	0.559	1.309	0.028	1.462	0.006	1.531	0.015	1.531	0.005	1.246	0.013	119.4	0.283	108.95	1.485	109.7	0.141	111.1	3.111	120.6	0.707	117.25	1.485	122.95	0.071	186	2.539	-0	-60	140	10	10	-6	14	
-60	-50	-70	-60	3	-56.7	0.912	-62	2.521	1.343	0.004	1.466	0.002	1.538	0.008	1.531	0.006	1.245	0.01	120.633	1.234	110.467	2.084	111.867	1.935	113.3	1.136	119.233	0.208	118.367	2.901	121.533	1.563	185.6	5.015	2	-60	-70	10	10	-6	-7	
-90	-80	120	130	12	-84.1	1.854	123.7	2.835	1.33	0.01	1.453	0.011	1.52	0.018	1.524	0.011	1.237	0.014	121.758	1.014	110.75	1.229	109.592	1.281	109.25	1.871	119.233	0.607	117.433	2.276	121.767	1.493	180.4	4.822	-0	-90	120	10	10	-9	12	
-90	-80	130	140	6	-85.1	3.811	135.5	3.718	1.328	0.015	1.461	0.019	1.528	0.017	1.527	0.014	1.239	0.012	122.033	1.023	109.733	1.274	109.533	1.359	109.233	1.145	119.533	1.109	117.733	1.963	121.95	1.317	178.7	4.35	-0	-90	130	10	10	-9	13	
-90	-80	110	120	3	-86.7	2.59	112.5	2.326	1.326	0.01	1.462	0.005	1.524	0.013	1.531	0.01	1.244	0.002	122.533	0.666	110.267	1.504	108.133	1.96	110.7	0.889	119.6	0.265	117.167	1.45	123.067	1.026	182.1	3.877	-2	-90	110	10	10	-9	11	
-90	-80	170	180	5	-83.8	3.105	176.7	3.247	1.326	0.022	1.464	0.009	0.613	0.839	1.51	0.016	1.245	0.02	121.52	1.875	43.52	59.603	111.14	2.024	45.62	62.48	123.6	1.93	115.52	1.883	123.74	1.083	184.8	3.948	1	-90	170	10	10	-9	17	
-90	-80	150	160	6	-84.2	2.215	155.3	3.226	1.323	0.008	1.459	0.01	1.524	0.026	1.517	0.013	1.246	0.009	122.133	2.558	107.783	3.497	111.15	1.662	109.267	1.275	120.783	1.091	117.5	1.718	122.8	1.231	171.3	6.015	1	-90	150	10	10	-9	15	
-90	-80	-170	-160	2	-84.9	5.65	-167	0.919	1.341	0.012	1.445	0.001	0	0	1.527	0.018	1.23	0.018	121.95	1.344	0	0	112	0.849	0	0	123.1	0.141	117.3	1.414	123	1.414	186.5	1.513	2	-90	-170	10	10	-9	-17	
-90	-80	160	170	6	-84.7	2.841	165.8	3.091	1.33	0.014	1.457	0.009	1.525	0.018	1.513	0.011	1.228	0.021	121.783	1.713	109.05	0.92	111.017	1.396	110.117	2.775	121.333	1.046	116.267	1.601	122.917	0.911	178.9	4.246	1	-90	160	10	10	-9	16	
-90	-80	100	110	1	-83.8	0	109.6	0	1.31	0	1.446	0	1.545	0	1.513	0	1.239	0	126.2	0	110.4	0	109.2	0	110.6	0	118.8	0	117.5	0	121.2	0	189.6	0	-1	-90	100	10	10	-9	10	
-90	-80	140	150	1	-83.6	0	144.7	0	1.349	0	1.456	0	1.542	0	1.533	0	1.249	0	119.2	0	111.6	0	111.1	0	107.6	0	118.7	0	119.1	0	122.5	0	181.1	0	1	-90	140	10	10	-9	14	
-170	-160	150	160	3	-164.7	4.229	155.6	2.682	1.335	0.006	1.461	0.002	1.529	0.01	1.522	0.009	1.239	0.003	122.167	0.603	111.133	1.15	108.233	1.57	110.233	1.002	120.633	1.069	116.233	1.756	121.5	1.819	178.8	6.446	-2	-170	150	10	10	-17	15	
-170	-160	160	170	6	-163.7	4.003	161.2	0.746	1.321	0.01	1.453	0.013	1.544	0.017	1.526	0.019	1.23	0.02	122.767	2.219	111.217	1.153	108.033	0.561	109.617	1.474	120.133	1.221	116.9	2.15	122.733	1.335	174.5	4.446	-2	-170	160	10	10	-17	16	
-170	-160	170	180	2	-168	0.94	177.4	0.877	1.323	0.004	1.462	0.008	1.544	0.004	1.524	0.016	1.252	0.027	122.25	0.919	111.3	0.566	107.4	1.556	113.6	0.99	120.15	0.354	115.45	0.636	124.35	1.626	178.2	8.068	-3	-170	170	10	10	-17	17	
-100	-90	120	130	4	-95	2.133	125.1	2.116	1.329	0.017	1.463	0.01	1.536	0.008	1.524	0.007	1.24	0.019	121.85	0.819	110.275	1.682	108.325	0.746	110.575	0.978	118.95	0.889	115.775	1.22	123.725	1.014	179.8	0.966	-2	-100	120	10	10	-10	12	
-100	-90	140	150	7	-92.7	2.423	146	2.245	1.384	0.122	1.457	0.013	1.524	0.013	1.53	0.011	1.229	0.013	117.7	12.274	110.443	1.465	110.357	0.875	108.557	1.388	120.5	0.535	114.571	8.148	124.2	6.396	178.6	5.991	0	-100	140	10	10	-10	14	
-100	-90	130	140	3	-93.6	2.161	135	4.246	1.32	0.011	1.47	0.012	1.519	0.02	1.526	0.031	1.243	0.029	121.533	2.212	110.933	2.608	110.2	1.442	108.033	1.762	119.967	0.416	116.9	1.044	123.167	1.528	170.4	3.259	0	-100	130	10	10	-10	13	
-100	-90	110	120	14	-94.8	3.7	114.4	2.812	1.33	0.013	1.455	0.012	1.525	0.015	1.523	0.009	1.244	0.014	122.7	1.451	111.2	1.27	107.757	1.864	110.107	1.583	118.943	0.858	117.271	1.765	122.393	1.091	183.1	3.398	-2	-100	110	10	10	-10	11	
-100	-90	100	110	6	-94.3	2.582	106.9	2.322	1.338	0.018	1.458	0.013	1.533	0.021	1.523	0.014	1.242	0.014	122.75	1.703	111.15	0.729	106.433	1.226	111.65	0.86	119.067	0.619	115.65	2.034	122.6	1.164	193.5	5.323	-4	-100	100	10	10	-10	10	
-100	-90	160	170	6	-94.1	4.291	165.4	1.879	1.321	0.015	1.451	0.008	1.279	0.626	1.517	0.013	1.233	0.005	123.5	1.391	91.817	44.984	110.067	1.039	91.717	44.957	121.417	0.685	116.667	1.141	123.05	1.027	176.8	5.83	0	-100	160	10	10	-10	16	
-100	-90	150	160	6	-95.5	3.854	155.1	2.197	1.328	0.01	1.443	0.019	1.538	0.015	1.517	0.019	1.234	0.013	122.117	1.849	109.833	0.903	110.183	1.546	108.183	2.152	120.1	1.428	116.733	1.649	122.733	0.833	176.5	4.377	0	-100	150	10	10	-10	15	
-100	-90	-170	-160	1	-94.8	0	-162.4	0	1.341	0	1.438	0	0	0	1.533	0	1.21	0	121.1	0	0	0	111.1	0	0	0	120.5	0	115.4	0	123.3	0	184.7	0	1	-100	-170	10	10	-10	-17	
-100	-90	-180	-170	1	-91.5	0	-179.3	0	1.33	0	1.437	0	0	0	1.534	0	1.221	0	121.4	0	0	0	111.6	0	0	0	122.4	0	118.4	0	124	0	191.3	0	2	-100	-180	10	10	-10	-18	
-110	-100	160	170	6	-105.2	2.236	164.7	2.771	1.311	0.019	1.453	0.018	1.528	0.016	1.523	0.017	1.235	0.01	124.05	2.061	109.2	1.243	111.1	1.591	109.917	1.169	121.233	0.88	116.567	3.077	123.917	2.414	179.2	3.325	1	-110	160	10	10	-11	16	
-110	-100	120	130	10	-103.5	2.154	124.9	1.937	1.328	0.009	1.459	0.017	1.539	0.015	1.517	0.012	1.241	0.01	122.74	1.4	110.34	1.609	108.34	1.724	110.34	1.237	119.49	1.509	116.26	1.987	123.44	1.225	177.4	5.135	-2	-110	120	10	10	-11	12	
-110	-100	90	100	4	-104.9	3.598	94.9	2.46	1.327	0.014	1.452	0.014	1.529	0.005	1.529	0.023	1.235	0.014	123.925	2.79	110.15	2.249	108.6	2.382	110.575	0.64	120.325	1.001	116.5	2.605	122.8	1.499	189	3.773	-1	-110	90	10	10	-11	9	
-110	-100	-120	-110	1	-108.6	0	-118.3	0	1.313	0	1.458	0	0	0	1.538	0	1.204	0	122.9	0	0	0	112.3	0	0	0	120	0	116	0	123	0	180.3	0	2	-110	-120	10	10	-11	-12	
-110	-100	100	110	7	-105.1	3.898	106.4	1.951	1.332	0.019	1.454	0.01	1.535	0.013	1.521	0.009	1.241	0.015	121.457	2.072	110.271	1.477	109.043	1.879	110.4	1.226	119.586	0.501	115.629	2.093	124.014	1.129	182.4	2.326	-1	-110	100	10	10	-11	10	
-110	-100	110	120	3	-102.2	1.099	115.7	3.93	1.322	0.017	1.457	0.015	1.523	0.005	1.519	0.009	1.232	0.016	121.767	1.823	109.967	2.757	108.767	1.45	110.867	1.872	119.1	1.044	116.967	1.206	122.167	0.115	181.7	3.818	-1	-110	110	10	10	-11	11	
-110	-100	130	140	3	-106.7	0.312	134.2	4.593	1.325	0.01	1.461	0.015	1.535	0.005	1.504	0.011	1.234	0.013	122.733	0.651	109.267	1.674	111.667	2.301	110.133	1.332	119.733	0.153	117.433	1.365	122.367	1.656	180.2	10.652	2	-110	130	10	10	-11	13	
-110	-100	140	150	3	-104.8	4.064	145.7	4.698	1.334	0.017	1.451	0.006	1.536	0.01	1.53	0.004	1.234	0.019	122.433	2.108	110.033	0.723	109.767	0.058	108.867	1.25	120.1	0.265	116.033	1.793	123.3	0.458	178	1.734	-0	-110	140	10	10	-11	14	
-110	-100	150	160	6	-106	2.749	154	1.506	1.328	0.011	1.458	0.01	1.533	0.014	1.521	0.01	1.237	0.011	122.667	1.404	110.8	2.558	110.55	1.945	108.517	2.212	121.05	1.832	117.267	1.645	122.183	1.08	175.1	3.347	1	-110	150	10	10	-11	15	
90	100	170	180	2	94.1	3.359	174.8	5.975	1.332	0.007	1.448	0.001	0	0	1.526	0.006	1.232	0.012	120.7	1.838	0	0	110.8	0.99	0	0	122.95	2.899	119.8	3.536	121.2	1.556	186.6	0.191	1	90	170	10	10	9	17	
90	100	-180	-170	1	95.8	0	-170.7	0	1.31	0	1.439	0	0	0	1.524	0	1.23	0	123.1	0	0	0	112	0	0	0	122.2	0	114	0	123.5	0	183.3	0	2	90	-180	10	10	9	-18	
-120	-110	100	110	6	-115.8	3.367	104.8	3.551	1.323	0.018	1.468	0.014	1.534	0.01	1.519	0.019	1.25	0.006	122.317	1.267	109.9	1.756	108.7	2.028	110.15	1.452	119.8	0.982	116.217	2.337	123.267	1.488	179.8	2.477	-1	-120	100	10	10	-12	10	
-120	-110	130	140	4	-117.7	1.567	135.7	3.409	1.328	0.001	1.443	0.027	1.556	0.044	1.522	0.013	1.234	0.009	123.75	1.261	110.9	2.015	110.475	1.826	108.175	1.25	119.325	0.499	117.3	2.428	122.45	1.353	180.2	9.191	0	-120	130	10	10	-12	13	
-120	-110	110	120	9	-113.8	3.445	115.5	2.328	1.331	0.015	1.457	0.013	1.53	0.016	1.528	0.009	1.238	0.009	123.533	2.436	111.211	2.257	108.622	1.678	110.522	1.351	119.8	1.448	116.489	1.28	123.111	1.75	179	5.131	-1	-120	110	10	10	-12	11	
-120	-110	120	130	3	-117.6	1.718	128.9	1.318	1.325	0.018	1.453	0.006	1.534	0.005	1.52	0.016	1.235	0.013	122.8	1.2	110.233	1.724	108.667	1.893	109.133	1.026	119.633	0.643	115.267	1.193	123.7	0.265	176.6	4.044	-1	-120	120	10	10	-12	12	
-120	-110	90	100	4	-115.6	0.938	95	1.087	1.335	0.013	1.467	0.006	1.529	0.019	1.524	0.007	1.247	0.012	122.35	0.191	109.65	1.786	109.325	2.997	110.65	0.465	119.725	1.452	116.325	1.292	123.525	0.885	180.1	2.729	-1	-120	90	10	10	-12	9	
-120	-110	80	90	1	-118.8	0	88	0	1.331	0	1.457	0	1.55	0	1.526	0	1.233	0	122.8	0	109.8	0	110.7	0	109.4	0	122.4	0	114.4	0	123.2	0	181.5	0	1	-120	80	10	10	-12	8	
-120	-110	140	150	6	-113.5	2.228	145.8	1.822	1.34	0.024	1.454	0.029	1.528	0.005	1.534	0.018	1.235	0.014	120.867	4.616	112.083	3.178	109.733	1.198	108.733	1.499	120.067	1.773	116.6	3.041	122.883	2.855	178.6	4.677	-0	-120	140	10	10	-12	14	
-120	-110	150	160	5	-113.7	4.132	158	0.814	1.327	0.009	1.451	0.013	1.541	0.014	1.524	0.014	1.246	0.005	123.52	0.722	110.1	1.814	109.86	1.692	109.12	2.67	120.42	0.661	116.56	1.479	123.48	1.337	175	6.299	-0	-120	150	10	10	-12	15	
-120	-110	170	180	1	-114.7	0	173.1	0	1.334	0	1.433	0	0	0	1.524	0	1.212	0	124.3	0	0	0	111.1	0	0	0	123.5	0	120.5	0	121.6	0	178.1	0	1	-120	170	10	10	-12	17	
-120	-110	-170	-160	1	-116.1	0	-169.6	0	1.323	0	1.417	0	0	0	1.501	0	1.239	0	124.2	0	0	0	116.4	0	0	0	121.2	0	117.5	0	121.9	0	195.1	0	6	-120	-170	10	10	-12	-17	
60	70	80	90	1	65.7	0	80.7	0	1.352	0	1.471	0	1.524	0	1.515	0	1.253	0	125.9	0	112.7	0	109	0	110.3	0	122.5	0	113.5	0	124.4	0	185.9	0	-1	60	80	10	10	6	8	
60	70	60	70	1	68.6	0	64.4	0	1.362	0	1.466	0	1.549	0	1.517	0	1.235	0	120.9	0	114	0	113.4	0	111.8	0	123.9	0	113.2	0	124.3	0	168.7	0	3	60	60	10	10	6	6	
-50	-40	-50	-40	5	-45.7	2.807	-49.4	0.785	1.336	0.012	1.467	0.014	1.535	0.008	1.527	0.007	1.235	0.007	122.42	1.352	109.98	3.149	114.06	1.692	110.92	3.033	118.28	0.909	116.48	2.463	122.4	0.731	184.6	2.249	4	-50	-50	10	10	-5	-5	
-50	-40	130	140	2	-48.9	0.912	138.2	0.184	1.325	0.001	1.464	0.018	1.537	0.001	1.505	0.016	1.237	0.011	121	0.141	106.8	4.667	109.65	0.495	111.8	1.838	119.95	0.071	117.8	1.273	122.1	1.131	183.7	5.947	-0	-50	130	10	10	-5	13	
-50	-40	110	120	1	-47.9	0	116.4	0	1.341	0	1.46	0	1.528	0	1.538	0	1.232	0	124.4	0	108	0	110.6	0	109.9	0	120.6	0	113.7	0	121.7	0	185.8	0	1	-50	110	10	10	-5	11	
-50	-40	120	130	1	-48.3	0	126.5	0	1.324	0	1.462	0	1.531	0	1.53	0	1.241	0	122.3	0	111.6	0	109.5	0	109.8	0	120.4	0	114.8	0	122.7	0	179	0	-1	-50	120	10	10	-5	12	
-50	-40	-60	-50	1	-46.4	0	-52.5	0	1.341	0	1.459	0	1.536	0	1.54	0	1.238	0	120	0	110.9	0	113.6	0	113.1	0	119.3	0	118.6	0	123.5	0	185.3	0	4	-50	-60	10	10	-5	-6	
30	40	60	70	2	34.8	1.004	63.6	2.326	1.346	0.002	1.464	0.009	1.536	0.011	1.543	0.018	1.239	0.004	126.3	0.707	112.3	0.849	111.45	1.909	111.35	0.636	120.85	0.495	117.7	0.566	122.8	0.141	199.8	3.507	1	30	60	10	10	3	6	
-40	-30	-60	-50	1	-39.4	0	-58.6	0	1.349	0	1.447	0	0	0	1.515	0	1.236	0	120.3	0	0	0	115.8	0	0	0	121.3	0	115.3	0	123.9	0	186.5	0	6	-40	-60	10	10	-4	-6	
50	60	50	60	2	54.3	5.763	57	3.012	1.323	0.004	1.46	0.013	1.526	0.001	1.532	0.009	1.237	0.001	122	0.141	111.6	3.818	112.65	3.748	110.3	2.121	121.1	0.141	115.2	2.263	123.7	2.546	186.5	13.407	3	50	50	10	10	5	5	
50	60	-130	-120	1	58	0	-129.1	0	1.336	0	1.417	0	0	0	1.462	0	1.273	0	119.7	0	0	0	111.9	0	0	0	118.8	0	115.6	0	122.4	0	180.5	0	2	50	-130	10	10	5	-13	
50	60	-150	-140	1	58.1	0	-146.5	0	1.345	0	1.424	0	0	0	1.504	0	1.225	0	119.6	0	0	0	111.8	0	0	0	122.6	0	117.1	0	123.1	0	177.1	0	2	50	-150	10	10	5	-15	
50	60	60	70	1	51.9	0	63.5	0	1.336	0	1.455	0	1.524	0	1.525	0	1.236	0	121.9	0	111.1	0	114.2	0	111.2	0	121.2	0	116.6	0	121.5	0	177.9	0	4	50	60	10	10	5	6	
40	50	50	60	3	44.9	2.106	56.5	3.761	1.322	0.01	1.462	0.011	1.515	0.009	1.533	0.008	1.231	0.008	123.667	2.136	111.667	1.069	110.9	2.869	111.533	0.351	119.567	0.681	117.767	0.115	122.3	0.52	179.1	4.016	1	40	50	10	10	4	5	
40	50	40	50	2	47.7	0.163	47.9	0.184	1.348	0.006	1.435	0.015	0.766	1.083	1.532	0.005	1.23	0.002	123.7	0.707	56.55	79.974	114.6	3.253	55.25	78.135	120	1.131	114.45	0.354	122	0.566	181.1	6.279	5	40	40	10	10	4	4	
70	80	-180	-170	1	75	0	-170.2	0	1.326	0	1.449	0	0	0	1.504	0	1.235	0	122.1	0	0	0	112.6	0	0	0	122.4	0	116.9	0	122.9	0	182.1	0	3	70	-180	10	10	7	-18	
70	80	-160	-150	1	78.1	0	-157.5	0	1.353	0	1.462	0	0	0	1.523	0	1.245	0	119.5	0	0	0	111.2	0	0	0	119.8	0	118.3	0	123.8	0	185.2	0	1	70	-160	10	10	7	-16	
70	80	70	80	1	79	0	73.8	0	1.321	0	1.481	0	1.523	0	1.537	0	1.236	0	124.7	0	114	0	112.5	0	111.7	0	121.3	0	115	0	123.7	0	185.2	0	3	70	70	10	10	7	7	
170	180	-170	-160	1	173.2	0	-165.3	0	1.304	0	1.443	0	0	0	1.513	0	1.239	0	122.8	0	0	0	106.3	0	0	0	120.9	0	115.6	0	123	0	186.7	0	-4	170	-170	10	10	17	-17	
170	180	80	90	1	173.3	0	89.7	0	1.328	0	1.438	0	0	0	1.508	0	1.244	0	120.2	0	0	0	111.3	0	0	0	122	0	117.7	0	122.5	0	186.6	0	1	170	80	10	10	17	8	
170	180	-180	-170	1	172.1	0	-176.6	0	1.339	0	1.451	0	0	0	1.467	0	1.238	0	123.2	0	0	0	108.3	0	0	0	121.8	0	117	0	122.3	0	180.6	0	-2	170	-180	10	10	17	-18	
170	180	170	180	1	176.8	0	175.6	0	1.325	0	1.424	0	0	0	1.5	0	1.238	0	120.4	0	0	0	111.9	0	0	0	121.9	0	117.4	0	120.6	0	183.2	0	2	170	170	10	10	17	17	
160	170	170	180	2	164.5	1.054	173.8	0.948	1.325	0.019	1.447	0.013	0	0	1.501	0.002	1.25	0.018	122.55	0.778	0	0	113.15	2.333	0	0	122.25	0.636	115.9	1.273	122.95	1.768	178.4	4.264	3	160	170	10	10	16	17	
80	90	160	170	1	86.2	0	169.3	0	1.316	0	1.449	0	0	0	1.518	0	1.25	0	121.7	0	0	0	112.3	0	0	0	119.1	0	118.3	0	120.8	0	180.9	0	2	80	160	10	10	8	16	
80	90	170	180	1	83	0	177.8	0	1.305	0	1.435	0	0	0	1.525	0	1.243	0	122.1	0	0	0	113.1	0	0	0	123.8	0	116.8	0	122.3	0	187.7	0	3	80	170	10	10	8	17	
80	90	150	160	1	87.6	0	158.1	0	1.352	0	1.428	0	0	0	1.52	0	1.231	0	123.4	0	0	0	113.6	0	0	0	121.9	0	113.1	0	123	0	167	0	4	80	150	10	10	8	15	
-180	-170	-180	-170	1	-179.3	0	-177.6	0	1.314	0	1.447	0	0	0	1.522	0	1.247	0	122.1	0	0	0	109.5	0	0	0	121.2	0	119.7	0	122.4	0	185.5	0	-1	-180	-180	10	10	-18	-18	
110	120	170	180	1	118.7	0	173.8	0	1.303	0	1.43	0	0	0	1.518	0	1.243	0	122.4	0	0	0	110.7	0	0	0	121.5	0	118.3	0	122.4	0	181.9	0	1	110	170	10	10	11	17	
